"","Gene","Size","Start","End"
"1","PA14_00010",514,1,514
"2","PA14_00020",367,515,881
"3","PA14_00030",369,882,1250
"4","PA14_00050",806,1251,2056
"5","PA14_00060",257,2057,2313
"6","PA14_00070",178,2314,2491
"7","PA14_00080",568,2492,3059
"8","PA14_00090",684,3060,3743
"9","PA14_00100",315,3744,4058
"10","PA14_00110",183,4059,4241
"11","PA14_00120",295,4242,4536
"12","PA14_00130",88,4537,4624
"13","PA14_00140",217,4625,4841
"14","PA14_00150",90,4842,4931
"15","PA14_00160",105,4932,5036
"16","PA14_00170",457,5037,5493
"17","PA14_00180",434,5494,5927
"18","PA14_00190",314,5928,6241
"19","PA14_00200",168,6242,6409
"20","PA14_00210",341,6410,6750
"21","PA14_00230",397,6751,7147
"22","PA14_00240",185,7148,7332
"23","PA14_00250",325,7333,7657
"24","PA14_00280",306,7658,7963
"25","PA14_00290",274,7964,8237
"26","PA14_00300",328,8238,8565
"27","PA14_00310",428,8566,8993
"28","PA14_00320",216,8994,9209
"29","PA14_00340",517,9210,9726
"30","PA14_00360",307,9727,10033
"31","PA14_00380",503,10034,10536
"32","PA14_00400",304,10537,10840
"33","PA14_00410",139,10841,10979
"34","PA14_00420",121,10980,11100
"35","PA14_00430",207,11101,11307
"36","PA14_00440",268,11308,11575
"37","PA14_00450",402,11576,11977
"38","PA14_00460",317,11978,12294
"39","PA14_00470",71,12295,12365
"40","PA14_00480",75,12366,12440
"41","PA14_00490",562,12441,13002
"42","PA14_00510",3469,13003,16471
"43","PA14_00520",41,16472,16512
"44","PA14_00530",144,16513,16656
"45","PA14_00550",524,16657,17180
"46","PA14_00560",442,17181,17622
"47","PA14_00570",228,17623,17850
"48","PA14_00580",117,17851,17967
"49","PA14_00590",169,17968,18136
"50","PA14_00600",130,18137,18266
"51","PA14_00620",669,18267,18935
"52","PA14_00630",46,18936,18981
"53","PA14_00640",610,18982,19591
"54","PA14_00650",142,19592,19733
"55","PA14_00660",195,19734,19928
"56","PA14_00670",168,19929,20096
"57","PA14_00680",306,20097,20402
"58","PA14_00690",295,20403,20697
"59","PA14_00700",250,20698,20947
"60","PA14_00710",151,20948,21098
"61","PA14_00720",77,21099,21175
"62","PA14_00730",156,21176,21331
"63","PA14_00740",138,21332,21469
"64","PA14_00750",375,21470,21844
"65","PA14_00760",334,21845,22178
"66","PA14_00770",253,22179,22431
"67","PA14_00780",180,22432,22611
"68","PA14_00790",681,22612,23292
"69","PA14_00800",91,23293,23383
"70","PA14_00810",352,23384,23735
"71","PA14_00820",304,23736,24039
"72","PA14_00830",570,24040,24609
"73","PA14_00850",399,24610,25008
"74","PA14_00860",239,25009,25247
"75","PA14_00875",1199,25248,26446
"76","PA14_00890",242,26447,26688
"77","PA14_00900",249,26689,26937
"78","PA14_00910",1102,26938,28039
"79","PA14_00925",456,28040,28495
"80","PA14_00940",444,28496,28939
"81","PA14_00960",154,28940,29093
"82","PA14_00970",180,29094,29273
"83","PA14_00980",322,29274,29595
"84","PA14_00990",344,29596,29939
"85","PA14_01010",172,29940,30111
"86","PA14_01020",498,30112,30609
"87","PA14_01030",162,30610,30771
"88","PA14_01040",281,30772,31052
"89","PA14_01060",169,31053,31221
"90","PA14_01070",619,31222,31840
"91","PA14_01080",348,31841,32188
"92","PA14_01100",902,32189,33090
"93","PA14_01110",643,33091,33733
"94","PA14_01120",94,33734,33827
"95","PA14_01130",77,33828,33904
"96","PA14_01140",463,33905,34367
"97","PA14_01150",144,34368,34511
"98","PA14_01160",892,34512,35403
"99","PA14_01170",149,35404,35552
"100","PA14_01180",399,35553,35951
"101","PA14_01190",369,35952,36320
"102","PA14_01200",363,36321,36683
"103","PA14_01220",306,36684,36989
"104","PA14_01230",423,36990,37412
"105","PA14_01240",242,37413,37654
"106","PA14_01250",523,37655,38177
"107","PA14_01270",198,38178,38375
"108","PA14_01290",374,38376,38749
"109","PA14_01300",530,38750,39279
"110","PA14_01310",184,39280,39463
"111","PA14_01320",295,39464,39758
"112","PA14_01330",69,39759,39827
"113","PA14_01340",264,39828,40091
"114","PA14_01350",192,40092,40283
"115","PA14_01360",357,40284,40640
"116","PA14_01380",304,40641,40944
"117","PA14_01390",211,40945,41155
"118","PA14_01400",150,41156,41305
"119","PA14_01410",157,41306,41462
"120","PA14_01430",242,41463,41704
"121","PA14_01440",195,41705,41899
"122","PA14_01460",449,41900,42348
"123","PA14_01470",228,42349,42576
"124","PA14_01480",268,42577,42844
"125","PA14_01490",136,42845,42980
"126","PA14_01500",302,42981,43282
"127","PA14_01510",93,43283,43375
"128","PA14_01520",75,43376,43450
"129","PA14_01540",207,43451,43657
"130","PA14_01550",166,43658,43823
"131","PA14_01560",113,43824,43936
"132","PA14_01580",475,43937,44411
"133","PA14_01600",497,44412,44908
"134","PA14_01610",95,44909,45003
"135","PA14_01620",448,45004,45451
"136","PA14_01640",305,45452,45756
"137","PA14_01660",456,45757,46212
"138","PA14_01670",524,46213,46736
"139","PA14_01680",365,46737,47101
"140","PA14_01690",326,47102,47427
"141","PA14_01710",187,47428,47614
"142","PA14_01720",521,47615,48135
"143","PA14_01730",300,48136,48435
"144","PA14_01750",449,48436,48884
"145","PA14_01760",329,48885,49213
"146","PA14_01770",282,49214,49495
"147","PA14_01780",208,49496,49703
"148","PA14_01790",172,49704,49875
"149","PA14_01800",365,49876,50240
"150","PA14_01810",320,50241,50560
"151","PA14_01830",316,50561,50876
"152","PA14_01840",181,50877,51057
"153","PA14_01860",349,51058,51406
"154","PA14_01870",876,51407,52282
"155","PA14_01890",306,52283,52588
"156","PA14_01900",239,52589,52827
"157","PA14_01910",201,52828,53028
"158","PA14_01930",279,53029,53307
"159","PA14_01940",383,53308,53690
"160","PA14_01960",359,53691,54049
"161","PA14_01970",1016,54050,55065
"162","PA14_01980",312,55066,55377
"163","PA14_01990",61,55378,55438
"164","PA14_02010",50,55439,55488
"165","PA14_02020",444,55489,55932
"166","PA14_02030",265,55933,56197
"167","PA14_02050",538,56198,56735
"168","PA14_02060",278,56736,57013
"169","PA14_02070",470,57014,57483
"170","PA14_02090",221,57484,57704
"171","PA14_02100",196,57705,57900
"172","PA14_02110",235,57901,58135
"173","PA14_02130",126,58136,58261
"174","PA14_02140",180,58262,58441
"175","PA14_02150",663,58442,59104
"176","PA14_02180",349,59105,59453
"177","PA14_02190",200,59454,59653
"178","PA14_02200",281,59654,59934
"179","PA14_02220",734,59935,60668
"180","PA14_02230",161,60669,60829
"181","PA14_02250",678,60830,61507
"182","PA14_02260",121,61508,61628
"183","PA14_02270",390,61629,62018
"184","PA14_02290",311,62019,62329
"185","PA14_02300",252,62330,62581
"186","PA14_02310",536,62582,63117
"187","PA14_02330",279,63118,63396
"188","PA14_02340",593,63397,63989
"189","PA14_02360",353,63990,64342
"190","PA14_02370",452,64343,64794
"191","PA14_02380",286,64795,65080
"192","PA14_02390",305,65081,65385
"193","PA14_02410",790,65386,66175
"194","PA14_02420",300,66176,66475
"195","PA14_02435",299,66476,66774
"196","PA14_02450",372,66775,67146
"197","PA14_02460",102,67147,67248
"198","PA14_02470",478,67249,67726
"199","PA14_02490",288,67727,68014
"200","PA14_02500",239,68015,68253
"201","PA14_02510",133,68254,68386
"202","PA14_02520",70,68387,68456
"203","PA14_02530",195,68457,68651
"204","PA14_02550",554,68652,69205
"205","PA14_02560",317,69206,69522
"206","PA14_02570",99,69523,69621
"207","PA14_02580",287,69622,69908
"208","PA14_02590",275,69909,70183
"209","PA14_02610",230,70184,70413
"210","PA14_02620",343,70414,70756
"211","PA14_02630",134,70757,70890
"212","PA14_02640",254,70891,71144
"213","PA14_02650",309,71145,71453
"214","PA14_02660",306,71454,71759
"215","PA14_02680",594,71760,72353
"216","PA14_02690",506,72354,72859
"217","PA14_02700",460,72860,73319
"218","PA14_02720",374,73320,73693
"219","PA14_02730",293,73694,73986
"220","PA14_02740",260,73987,74246
"221","PA14_02750",179,74247,74425
"222","PA14_02760",283,74426,74708
"223","PA14_02770",260,74709,74968
"224","PA14_02790",401,74969,75369
"225","PA14_02810",432,75370,75801
"226","PA14_02830",488,75802,76289
"227","PA14_02840",263,76290,76552
"228","PA14_02850",133,76553,76685
"229","PA14_02870",313,76686,76998
"230","PA14_02890",277,76999,77275
"231","PA14_02900",448,77276,77723
"232","PA14_02910",259,77724,77982
"233","PA14_02930",347,77983,78329
"234","PA14_02960",271,78330,78600
"235","PA14_02970",292,78601,78892
"236","PA14_02980",421,78893,79313
"237","PA14_02990",441,79314,79754
"238","PA14_03000",634,79755,80388
"239","PA14_03010",222,80389,80610
"240","PA14_03020",314,80611,80924
"241","PA14_03030",148,80925,81072
"242","PA14_03040",501,81073,81573
"243","PA14_03050",394,81574,81967
"244","PA14_03070",288,81968,82255
"245","PA14_03080",151,82256,82406
"246","PA14_03090",144,82407,82550
"247","PA14_03100",213,82551,82763
"248","PA14_03110",95,82764,82858
"249","PA14_03120",158,82859,83016
"250","PA14_03130",496,83017,83512
"251","PA14_03150",228,83513,83740
"252","PA14_03160",310,83741,84050
"253","PA14_03163",207,84051,84257
"254","PA14_03166",132,84258,84389
"255","PA14_03170",323,84390,84712
"256","PA14_03180",87,84713,84799
"257","PA14_03190",480,84800,85279
"258","PA14_03200",813,85280,86092
"259","PA14_03210",165,86093,86257
"260","PA14_03220",1047,86258,87304
"261","PA14_03240",172,87305,87476
"262","PA14_03250",550,87477,88026
"263","PA14_03265",249,88027,88275
"264","PA14_03270",1045,88276,89320
"265","PA14_03285",381,89321,89701
"266","PA14_03290",102,89702,89803
"267","PA14_03300",285,89804,90088
"268","PA14_03310",605,90089,90693
"269","PA14_03320",373,90694,91066
"270","PA14_03330",288,91067,91354
"271","PA14_03340",308,91355,91662
"272","PA14_03350",317,91663,91979
"273","PA14_03360",256,91980,92235
"274","PA14_03370",333,92236,92568
"275","PA14_03380",659,92569,93227
"276","PA14_03390",169,93228,93396
"277","PA14_03400",110,93397,93506
"278","PA14_03420",138,93507,93644
"279","PA14_03430",483,93645,94127
"280","PA14_03450",426,94128,94553
"281","PA14_03470",399,94554,94952
"282","PA14_03480",473,94953,95425
"283","PA14_03490",145,95426,95570
"284","PA14_03510",135,95571,95705
"285","PA14_03520",94,95706,95799
"286","PA14_03530",310,95800,96109
"287","PA14_03550",404,96110,96513
"288","PA14_03560",256,96514,96769
"289","PA14_03580",228,96770,96997
"290","PA14_03590",171,96998,97168
"291","PA14_03610",252,97169,97420
"292","PA14_03620",250,97421,97670
"293","PA14_03630",232,97671,97902
"294","PA14_03650",329,97903,98231
"295","PA14_03670",289,98232,98520
"296","PA14_03680",272,98521,98792
"297","PA14_03700",386,98793,99178
"298","PA14_03710",60,99179,99238
"299","PA14_03720",862,99239,100100
"300","PA14_03730",392,100101,100492
"301","PA14_03760",484,100493,100976
"302","PA14_03770",318,100977,101294
"303","PA14_03780",320,101295,101614
"304","PA14_03790",323,101615,101937
"305","PA14_03800",463,101938,102400
"306","PA14_03810",368,102401,102768
"307","PA14_03830",292,102769,103060
"308","PA14_03840",221,103061,103281
"309","PA14_03855",353,103282,103634
"310","PA14_03860",502,103635,104136
"311","PA14_03870",250,104137,104386
"312","PA14_03880",452,104387,104838
"313","PA14_03900",456,104839,105294
"314","PA14_03920",367,105295,105661
"315","PA14_03930",365,105662,106026
"316","PA14_03940",384,106027,106410
"317","PA14_03950",293,106411,106703
"318","PA14_03960",289,106704,106992
"319","PA14_03980",875,106993,107867
"320","PA14_04000",350,107868,108217
"321","PA14_04010",167,108218,108384
"322","PA14_04020",203,108385,108587
"323","PA14_04030",361,108588,108948
"324","PA14_04040",250,108949,109198
"325","PA14_04050",236,109199,109434
"326","PA14_04060",184,109435,109618
"327","PA14_04070",169,109619,109787
"328","PA14_04080",233,109788,110020
"329","PA14_04090",256,110021,110276
"330","PA14_04100",145,110277,110421
"331","PA14_04110",409,110422,110830
"332","PA14_04140",471,110831,111301
"333","PA14_04150",224,111302,111525
"334","PA14_04160",329,111526,111854
"335","PA14_04180",116,111855,111970
"336","PA14_04190",344,111971,112314
"337","PA14_04210",464,112315,112778
"338","PA14_04220",347,112779,113125
"339","PA14_04230",262,113126,113387
"340","PA14_04240",309,113388,113696
"341","PA14_04250",359,113697,114055
"342","PA14_04270",321,114056,114376
"343","PA14_04290",647,114377,115023
"344","PA14_04300",110,115024,115133
"345","PA14_04310",223,115134,115356
"346","PA14_04320",504,115357,115860
"347","PA14_04330",155,115861,116015
"348","PA14_04340",506,116016,116521
"349","PA14_04350",155,116522,116676
"350","PA14_04370",413,116677,117089
"351","PA14_04380",217,117090,117306
"352","PA14_04390",159,117307,117465
"353","PA14_04410",762,117466,118227
"354","PA14_04420",376,118228,118603
"355","PA14_04430",251,118604,118854
"356","PA14_04440",267,118855,119121
"357","PA14_04460",266,119122,119387
"358","PA14_04480",264,119388,119651
"359","PA14_04490",265,119652,119916
"360","PA14_04510",459,119917,120375
"361","PA14_04520",461,120376,120836
"362","PA14_04530",120,120837,120956
"363","PA14_04550",387,120957,121343
"364","PA14_04560",456,121344,121799
"365","PA14_04570",364,121800,122163
"366","PA14_04580",168,122164,122331
"367","PA14_04590",157,122332,122488
"368","PA14_04610",461,122489,122949
"369","PA14_04630",612,122950,123561
"370","PA14_04640",398,123562,123959
"371","PA14_04650",179,123960,124138
"372","PA14_04660",274,124139,124412
"373","PA14_04670",270,124413,124682
"374","PA14_04680",192,124683,124874
"375","PA14_04690",114,124875,124988
"376","PA14_04700",328,124989,125316
"377","PA14_04710",143,125317,125459
"378","PA14_04730",577,125460,126036
"379","PA14_04750",83,126037,126119
"380","PA14_04760",159,126120,126278
"381","PA14_04780",531,126279,126809
"382","PA14_04790",182,126810,126991
"383","PA14_04810",476,126992,127467
"384","PA14_04820",215,127468,127682
"385","PA14_04830",136,127683,127818
"386","PA14_04840",332,127819,128150
"387","PA14_04850",96,128151,128246
"388","PA14_04860",198,128247,128444
"389","PA14_04870",495,128445,128939
"390","PA14_04890",465,128940,129404
"391","PA14_04900",514,129405,129918
"392","PA14_04910",223,129919,130141
"393","PA14_04920",335,130142,130476
"394","PA14_04930",284,130477,130760
"395","PA14_04940",201,130761,130961
"396","PA14_04950",243,130962,131204
"397","PA14_04960",125,131205,131329
"398","PA14_04970",66,131330,131395
"399","PA14_04980",265,131396,131660
"400","PA14_05000",223,131661,131883
"401","PA14_05010",479,131884,132362
"402","PA14_05020",85,132363,132447
"403","PA14_05030",107,132448,132554
"404","PA14_05040",393,132555,132947
"405","PA14_05050",197,132948,133144
"406","PA14_05060",139,133145,133283
"407","PA14_05070",206,133284,133489
"408","PA14_05080",393,133490,133882
"409","PA14_05110",655,133883,134537
"410","PA14_05120",56,134538,134593
"411","PA14_05130",197,134594,134790
"412","PA14_05150",273,134791,135063
"413","PA14_05160",236,135064,135299
"414","PA14_05180",344,135300,135643
"415","PA14_05190",382,135644,136025
"416","PA14_05200",299,136026,136324
"417","PA14_05210",134,136325,136458
"418","PA14_05220",457,136459,136915
"419","PA14_05230",394,136916,137309
"420","PA14_05250",430,137310,137739
"421","PA14_05260",334,137740,138073
"422","PA14_05270",170,138074,138243
"423","PA14_05280",144,138244,138387
"424","PA14_05290",189,138388,138576
"425","PA14_05300",365,138577,138941
"426","PA14_05310",317,138942,139258
"427","PA14_05320",135,139259,139393
"428","PA14_05330",121,139394,139514
"429","PA14_05340",178,139515,139692
"430","PA14_05360",686,139693,140378
"431","PA14_05380",291,140379,140669
"432","PA14_05390",2778,140670,143447
"433","PA14_05400",343,143448,143790
"434","PA14_05410",168,143791,143958
"435","PA14_05420",264,143959,144222
"436","PA14_05430",203,144223,144425
"437","PA14_05440",471,144426,144896
"438","PA14_05450",254,144897,145150
"439","PA14_05460",488,145151,145638
"440","PA14_05480",496,145639,146134
"441","PA14_05500",189,146135,146323
"442","PA14_05510",191,146324,146514
"443","PA14_05520",147,146515,146661
"444","PA14_05530",383,146662,147044
"445","PA14_05540",1150,147045,148194
"446","PA14_05550",527,148195,148721
"447","PA14_05560",639,148722,149360
"448","PA14_05580",356,149361,149716
"449","PA14_05590",290,149717,150006
"450","PA14_05600",184,150007,150190
"451","PA14_05620",469,150191,150659
"452","PA14_05630",144,150660,150803
"453","PA14_05640",827,150804,151630
"454","PA14_05650",492,151631,152122
"455","PA14_05660",206,152123,152328
"456","PA14_05690",423,152329,152751
"457","PA14_05700",416,152752,153167
"458","PA14_05740",434,153168,153601
"459","PA14_05750",455,153602,154056
"460","PA14_05770",479,154057,154535
"461","PA14_05775",38,154536,154573
"462","PA14_05790",498,154574,155071
"463","PA14_05810",427,155072,155498
"464","PA14_05820",407,155499,155905
"465","PA14_05840",393,155906,156298
"466","PA14_05850",302,156299,156600
"467","PA14_05860",134,156601,156734
"468","PA14_05870",540,156735,157274
"469","PA14_05880",445,157275,157719
"470","PA14_05890",264,157720,157983
"471","PA14_05910",243,157984,158226
"472","PA14_05920",733,158227,158959
"473","PA14_05950",458,158960,159417
"474","PA14_05960",69,159418,159486
"475","PA14_05970",174,159487,159660
"476","PA14_05990",477,159661,160137
"477","PA14_06000",860,160138,160997
"478","PA14_06010",192,160998,161189
"479","PA14_06030",295,161190,161484
"480","PA14_06040",234,161485,161718
"481","PA14_06060",229,161719,161947
"482","PA14_06070",474,161948,162421
"483","PA14_06080",452,162422,162873
"484","PA14_06090",100,162874,162973
"485","PA14_06120",206,162974,163179
"486","PA14_06130",316,163180,163495
"487","PA14_06150",324,163496,163819
"488","PA14_06160",804,163820,164623
"489","PA14_06170",323,164624,164946
"490","PA14_06180",172,164947,165118
"491","PA14_06190",249,165119,165367
"492","PA14_06200",134,165368,165501
"493","PA14_06210",197,165502,165698
"494","PA14_06230",575,165699,166273
"495","PA14_06240",308,166274,166581
"496","PA14_06250",158,166582,166739
"497","PA14_06260",312,166740,167051
"498","PA14_06270",265,167052,167316
"499","PA14_06280",147,167317,167463
"500","PA14_06290",725,167464,168188
"501","PA14_06300",147,168189,168335
"502","PA14_06310",171,168336,168506
"503","PA14_06320",298,168507,168804
"504","PA14_06330",324,168805,169128
"505","PA14_06340",252,169129,169380
"506","PA14_06350",106,169381,169486
"507","PA14_06360",263,169487,169749
"508","PA14_06390",97,169750,169846
"509","PA14_06400",308,169847,170154
"510","PA14_06420",252,170155,170406
"511","PA14_06430",82,170407,170488
"512","PA14_06450",458,170489,170946
"513","PA14_06460",306,170947,171252
"514","PA14_06480",325,171253,171577
"515","PA14_06500",352,171578,171929
"516","PA14_06510",401,171930,172330
"517","PA14_06530",268,172331,172598
"518","PA14_06540",284,172599,172882
"519","PA14_06570",228,172883,173110
"520","PA14_06580",76,173111,173186
"521","PA14_06600",612,173187,173798
"522","PA14_06620",598,173799,174396
"523","PA14_06640",643,174397,175039
"524","PA14_06650",493,175040,175532
"525","PA14_06660",279,175533,175811
"526","PA14_06670",445,175812,176256
"527","PA14_06680",171,176257,176427
"528","PA14_06690",147,176428,176574
"529","PA14_06700",174,176575,176748
"530","PA14_06710",150,176749,176898
"531","PA14_06720",392,176899,177290
"532","PA14_06730",119,177291,177409
"533","PA14_06740",104,177410,177513
"534","PA14_06750",568,177514,178081
"535","PA14_06770",260,178082,178341
"536","PA14_06790",175,178342,178516
"537","PA14_06800",85,178517,178601
"538","PA14_06810",146,178602,178747
"539","PA14_06830",466,178748,179213
"540","PA14_06840",667,179214,179880
"541","PA14_06860",64,179881,179944
"542","PA14_06870",227,179945,180171
"543","PA14_06880",292,180172,180463
"544","PA14_06890",233,180464,180696
"545","PA14_06900",78,180697,180774
"546","PA14_06920",393,180775,181167
"547","PA14_06930",238,181168,181405
"548","PA14_06940",168,181406,181573
"549","PA14_06950",496,181574,182069
"550","PA14_06960",429,182070,182498
"551","PA14_06970",184,182499,182682
"552","PA14_06980",341,182683,183023
"553","PA14_06990",202,183024,183225
"554","PA14_07000",169,183226,183394
"555","PA14_07010",276,183395,183670
"556","PA14_07020",128,183671,183798
"557","PA14_07030",152,183799,183950
"558","PA14_07040",139,183951,184089
"559","PA14_07050",352,184090,184441
"560","PA14_07060",247,184442,184688
"561","PA14_07070",434,184689,185122
"562","PA14_07090",429,185123,185551
"563","PA14_07110",333,185552,185884
"564","PA14_07130",665,185885,186549
"565","PA14_07140",409,186550,186958
"566","PA14_07150",265,186959,187223
"567","PA14_07170",353,187224,187576
"568","PA14_07190",387,187577,187963
"569","PA14_07200",66,187964,188029
"570","PA14_07210",113,188030,188142
"571","PA14_07230",354,188143,188496
"572","PA14_07240",160,188497,188656
"573","PA14_07250",218,188657,188874
"574","PA14_07260",255,188875,189129
"575","PA14_07280",392,189130,189521
"576","PA14_07290",162,189522,189683
"577","PA14_07300",384,189684,190067
"578","PA14_07310",224,190068,190291
"579","PA14_07330",117,190292,190408
"580","PA14_07340",303,190409,190711
"581","PA14_07355",112,190712,190823
"582","PA14_07360",171,190824,190994
"583","PA14_07370",52,190995,191046
"584","PA14_07380",152,191047,191198
"585","PA14_07400",156,191199,191354
"586","PA14_07410",115,191355,191469
"587","PA14_07420",204,191470,191673
"588","PA14_07430",923,191674,192596
"589","PA14_07440",111,192597,192707
"590","PA14_07450",373,192708,193080
"591","PA14_07460",57,193081,193137
"592","PA14_07480",561,193138,193698
"593","PA14_07500",1247,193699,194945
"594","PA14_07520",617,194946,195562
"595","PA14_07530",664,195563,196226
"596","PA14_07550",149,196227,196375
"597","PA14_07560",71,196376,196446
"598","PA14_07570",387,196447,196833
"599","PA14_07580",189,196834,197022
"600","PA14_07590",117,197023,197139
"601","PA14_07600",180,197140,197319
"602","PA14_07620",410,197320,197729
"603","PA14_07630",168,197730,197897
"604","PA14_07650",517,197898,198414
"605","PA14_07660",423,198415,198837
"606","PA14_07680",640,198838,199477
"607","PA14_07690",110,199478,199587
"608","PA14_07700",283,199588,199870
"609","PA14_07710",126,199871,199996
"610","PA14_07730",268,199997,200264
"611","PA14_07740",345,200265,200609
"612","PA14_07760",432,200610,201041
"613","PA14_07770",932,201042,201973
"614","PA14_07780",338,201974,202311
"615","PA14_07790",224,202312,202535
"616","PA14_07800",254,202536,202789
"617","PA14_07810",353,202790,203142
"618","PA14_07820",797,203143,203939
"619","PA14_07840",210,203940,204149
"620","PA14_07850",344,204150,204493
"621","PA14_07860",369,204494,204862
"622","PA14_07870",348,204863,205210
"623","PA14_07890",415,205211,205625
"624","PA14_07900",276,205626,205901
"625","PA14_07910",224,205902,206125
"626","PA14_07930",272,206126,206397
"627","PA14_07940",538,206398,206935
"628","PA14_07950",104,206936,207039
"629","PA14_07960",256,207040,207295
"630","PA14_07970",66,207296,207361
"631","PA14_07980",119,207362,207480
"632","PA14_07990",149,207481,207629
"633","PA14_08000",171,207630,207800
"634","PA14_08010",185,207801,207985
"635","PA14_08020",108,207986,208093
"636","PA14_08030",295,208094,208388
"637","PA14_08040",177,208389,208565
"638","PA14_08050",691,208566,209256
"639","PA14_08060",152,209257,209408
"640","PA14_08070",386,209409,209794
"641","PA14_08090",167,209795,209961
"642","PA14_08100",114,209962,210075
"643","PA14_08110",36,210076,210111
"644","PA14_08120",767,210112,210878
"645","PA14_08130",290,210879,211168
"646","PA14_08140",68,211169,211236
"647","PA14_08150",329,211237,211565
"648","PA14_08160",209,211566,211774
"649","PA14_08180",128,211775,211902
"650","PA14_08190",85,211903,211987
"651","PA14_08200",95,211988,212082
"652","PA14_08210",164,212083,212246
"653","PA14_08220",115,212247,212361
"654","PA14_08230",84,212362,212445
"655","PA14_08240",666,212446,213111
"656","PA14_08250",113,213112,213224
"657","PA14_08260",231,213225,213455
"658","PA14_08270",256,213456,213711
"659","PA14_08280",200,213712,213911
"660","PA14_08300",1226,213912,215137
"661","PA14_08310",350,215138,215487
"662","PA14_08320",100,215488,215587
"663","PA14_08330",76,215588,215663
"664","PA14_08340",201,215664,215864
"665","PA14_08350",349,215865,216213
"666","PA14_08360",278,216214,216491
"667","PA14_08370",214,216492,216705
"668","PA14_08380",140,216706,216845
"669","PA14_08390",264,216846,217109
"670","PA14_08400",215,217110,217324
"671","PA14_08420",118,217325,217442
"672","PA14_08430",493,217443,217935
"673","PA14_08440",266,217936,218201
"674","PA14_08450",365,218202,218566
"675","PA14_08460",322,218567,218888
"676","PA14_08470",140,218889,219028
"677","PA14_08480",344,219029,219372
"678","PA14_08490",260,219373,219632
"679","PA14_08500",140,219633,219772
"680","PA14_08510",116,219773,219888
"681","PA14_08520",363,219889,220251
"682","PA14_08540",448,220252,220699
"683","PA14_08560",399,220700,221098
"684","PA14_08620",312,221099,221410
"685","PA14_08630",248,221411,221658
"686","PA14_08640",234,221659,221892
"687","PA14_08680",397,221893,222289
"688","PA14_08695",122,222290,222411
"689","PA14_08710",177,222412,222588
"690","PA14_08720",143,222589,222731
"691","PA14_08730",231,222732,222962
"692","PA14_08740",166,222963,223128
"693","PA14_08750",122,223129,223250
"694","PA14_08760",1357,223251,224607
"695","PA14_08780",1399,224608,226006
"696","PA14_08790",123,226007,226129
"697","PA14_08810",156,226130,226285
"698","PA14_08820",706,226286,226991
"699","PA14_08830",397,226992,227388
"700","PA14_08840",103,227389,227491
"701","PA14_08850",211,227492,227702
"702","PA14_08860",200,227703,227902
"703","PA14_08870",99,227903,228001
"704","PA14_08880",273,228002,228274
"705","PA14_08890",91,228275,228365
"706","PA14_08900",110,228366,228475
"707","PA14_08910",228,228476,228703
"708","PA14_08920",137,228704,228840
"709","PA14_08930",63,228841,228903
"710","PA14_08940",88,228904,228991
"711","PA14_08950",122,228992,229113
"712","PA14_08960",104,229114,229217
"713","PA14_08970",179,229218,229396
"714","PA14_08980",101,229397,229497
"715","PA14_08990",130,229498,229627
"716","PA14_09000",177,229628,229804
"717","PA14_09010",116,229805,229920
"718","PA14_09020",166,229921,230086
"719","PA14_09030",58,230087,230144
"720","PA14_09040",144,230145,230288
"721","PA14_09050",442,230289,230730
"722","PA14_09070",38,230731,230768
"723","PA14_09080",118,230769,230886
"724","PA14_09090",129,230887,231015
"725","PA14_09100",206,231016,231221
"726","PA14_09115",333,231222,231554
"727","PA14_09130",129,231555,231683
"728","PA14_09150",482,231684,232165
"729","PA14_09160",154,232166,232319
"730","PA14_09180",947,232320,233266
"731","PA14_09195",462,233267,233728
"732","PA14_09200",165,233729,233893
"733","PA14_09210",476,233894,234369
"734","PA14_09220",101,234370,234470
"735","PA14_09230",251,234471,234721
"736","PA14_09240",596,234722,235317
"737","PA14_09260",296,235318,235613
"738","PA14_09270",1598,235614,237211
"739","PA14_09280",1845,237212,239056
"740","PA14_09290",356,239057,239412
"741","PA14_09300",570,239413,239982
"742","PA14_09320",621,239983,240603
"743","PA14_09340",720,240604,241323
"744","PA14_09350",93,241324,241416
"745","PA14_09370",391,241417,241807
"746","PA14_09380",414,241808,242221
"747","PA14_09400",402,242222,242623
"748","PA14_09410",215,242624,242838
"749","PA14_09440",627,242839,243465
"750","PA14_09450",207,243466,243672
"751","PA14_09460",522,243673,244194
"752","PA14_09470",162,244195,244356
"753","PA14_09480",162,244357,244518
"754","PA14_09490",334,244519,244852
"755","PA14_09500",538,244853,245390
"756","PA14_09520",1078,245391,246468
"757","PA14_09530",401,246469,246869
"758","PA14_09540",149,246870,247018
"759","PA14_09550",388,247019,247406
"760","PA14_09570",336,247407,247742
"761","PA14_09580",351,247743,248093
"762","PA14_09600",346,248094,248439
"763","PA14_09610",302,248440,248741
"764","PA14_09630",660,248742,249401
"765","PA14_09660",540,249402,249941
"766","PA14_09680",807,249942,250748
"767","PA14_09690",214,250749,250962
"768","PA14_09700",401,250963,251363
"769","PA14_09710",547,251364,251910
"770","PA14_09730",303,251911,252213
"771","PA14_09740",442,252214,252655
"772","PA14_09750",470,252656,253125
"773","PA14_09760",242,253126,253367
"774","PA14_09770",340,253368,253707
"775","PA14_09780",155,253708,253862
"776","PA14_09790",212,253863,254074
"777","PA14_09810",239,254075,254313
"778","PA14_09820",547,254314,254860
"779","PA14_09850",487,254861,255347
"780","PA14_09870",247,255348,255594
"781","PA14_09880",133,255595,255727
"782","PA14_09890",93,255728,255820
"783","PA14_09900",462,255821,256282
"784","PA14_09910",307,256283,256589
"785","PA14_09920",132,256590,256721
"786","PA14_09930",266,256722,256987
"787","PA14_09940",187,256988,257174
"788","PA14_09950",310,257175,257484
"789","PA14_09960",142,257485,257626
"790","PA14_09970",802,257627,258428
"791","PA14_09980",280,258429,258708
"792","PA14_09990",152,258709,258860
"793","PA14_10010",554,258861,259414
"794","PA14_10020",108,259415,259522
"795","PA14_10040",569,259523,260091
"796","PA14_10050",165,260092,260256
"797","PA14_10070",328,260257,260584
"798","PA14_10080",125,260585,260709
"799","PA14_10090",303,260710,261012
"800","PA14_10110",394,261013,261406
"801","PA14_10120",309,261407,261715
"802","PA14_10130",238,261716,261953
"803","PA14_10140",343,261954,262296
"804","PA14_10160",340,262297,262636
"805","PA14_10170",302,262637,262938
"806","PA14_10180",265,262939,263203
"807","PA14_10190",262,263204,263465
"808","PA14_10200",694,263466,264159
"809","PA14_10210",435,264160,264594
"810","PA14_10220",247,264595,264841
"811","PA14_10230",363,264842,265204
"812","PA14_10240",370,265205,265574
"813","PA14_10250",339,265575,265913
"814","PA14_10260",343,265914,266256
"815","PA14_10270",346,266257,266602
"816","PA14_10280",292,266603,266894
"817","PA14_10290",625,266895,267519
"818","PA14_10300",203,267520,267722
"819","PA14_10320",296,267723,268018
"820","PA14_10330",509,268019,268527
"821","PA14_10340",719,268528,269246
"822","PA14_10350",418,269247,269664
"823","PA14_10360",99,269665,269763
"824","PA14_10370",597,269764,270360
"825","PA14_10380",99,270361,270459
"826","PA14_10400",68,270460,270527
"827","PA14_10410",97,270528,270624
"828","PA14_10420",417,270625,271041
"829","PA14_10440",418,271042,271459
"830","PA14_10470",402,271460,271861
"831","PA14_10480",140,271862,272001
"832","PA14_10490",80,272002,272081
"833","PA14_10500",568,272082,272649
"834","PA14_10530",471,272650,273120
"835","PA14_10540",593,273121,273713
"836","PA14_10550",557,273714,274270
"837","PA14_10560",162,274271,274432
"838","PA14_10570",268,274433,274700
"839","PA14_10590",267,274701,274967
"840","PA14_10600",434,274968,275401
"841","PA14_10610",130,275402,275531
"842","PA14_10620",307,275532,275838
"843","PA14_10630",534,275839,276372
"844","PA14_10640",259,276373,276631
"845","PA14_10650",219,276632,276850
"846","PA14_10660",303,276851,277153
"847","PA14_10670",268,277154,277421
"848","PA14_10680",189,277422,277610
"849","PA14_10700",728,277611,278338
"850","PA14_10710",195,278339,278533
"851","PA14_10730",461,278534,278994
"852","PA14_10740",169,278995,279163
"853","PA14_10750",396,279164,279559
"854","PA14_10770",1455,279560,281014
"855","PA14_10780",132,281015,281146
"856","PA14_10790",397,281147,281543
"857","PA14_10800",296,281544,281839
"858","PA14_10820",414,281840,282253
"859","PA14_10830",291,282254,282544
"860","PA14_10840",250,282545,282794
"861","PA14_10850",571,282795,283365
"862","PA14_10870",434,283366,283799
"863","PA14_10890",241,283800,284040
"864","PA14_10900",393,284041,284433
"865","PA14_10910",469,284434,284902
"866","PA14_10920",177,284903,285079
"867","PA14_10940",319,285080,285398
"868","PA14_10950",138,285399,285536
"869","PA14_10960",370,285537,285906
"870","PA14_10970",321,285907,286227
"871","PA14_10980",284,286228,286511
"872","PA14_10990",170,286512,286681
"873","PA14_11000",561,286682,287242
"874","PA14_11010",96,287243,287338
"875","PA14_11020",253,287339,287591
"876","PA14_11030",468,287592,288059
"877","PA14_11050",274,288060,288333
"878","PA14_11060",189,288334,288522
"879","PA14_11070",248,288523,288770
"880","PA14_11080",863,288771,289633
"881","PA14_11090",246,289634,289879
"882","PA14_11100",1018,289880,290897
"883","PA14_11110",402,290898,291299
"884","PA14_11120",214,291300,291513
"885","PA14_11130",229,291514,291742
"886","PA14_11140",1081,291743,292823
"887","PA14_11150",68,292824,292891
"888","PA14_11160",124,292892,293015
"889","PA14_11170",278,293016,293293
"890","PA14_11180",222,293294,293515
"891","PA14_11190",495,293516,294010
"892","PA14_11210",496,294011,294506
"893","PA14_11230",204,294507,294710
"894","PA14_11240",316,294711,295026
"895","PA14_11250",294,295027,295320
"896","PA14_11260",309,295321,295629
"897","PA14_11270",232,295630,295861
"898","PA14_11280",172,295862,296033
"899","PA14_11290",421,296034,296454
"900","PA14_11310",260,296455,296714
"901","PA14_11320",196,296715,296910
"902","PA14_11330",114,296911,297024
"903","PA14_11340",289,297025,297313
"904","PA14_11350",229,297314,297542
"905","PA14_11370",156,297543,297698
"906","PA14_11380",154,297699,297852
"907","PA14_11400",381,297853,298233
"908","PA14_11410",219,298234,298452
"909","PA14_11420",380,298453,298832
"910","PA14_11430",158,298833,298990
"911","PA14_11450",160,298991,299150
"912","PA14_11460",322,299151,299472
"913","PA14_11470",171,299473,299643
"914","PA14_11480",248,299644,299891
"915","PA14_11490",214,299892,300105
"916","PA14_11510",205,300106,300310
"917","PA14_11520",139,300311,300449
"918","PA14_11530",265,300450,300714
"919","PA14_11550",627,300715,301341
"920","PA14_11560",295,301342,301636
"921","PA14_11570",80,301637,301716
"922","PA14_11580",411,301717,302127
"923","PA14_11590",335,302128,302462
"924","PA14_11600",600,302463,303062
"925","PA14_11610",244,303063,303306
"926","PA14_11620",308,303307,303614
"927","PA14_11630",807,303615,304421
"928","PA14_11650",366,304422,304787
"929","PA14_11660",229,304788,305016
"930","PA14_11670",89,305017,305105
"931","PA14_11680",238,305106,305343
"932","PA14_11690",175,305344,305518
"933","PA14_11700",276,305519,305794
"934","PA14_11720",221,305795,306015
"935","PA14_11730",543,306016,306558
"936","PA14_11740",297,306559,306855
"937","PA14_11750",153,306856,307008
"938","PA14_11760",273,307009,307281
"939","PA14_11770",511,307282,307792
"940","PA14_11790",482,307793,308274
"941","PA14_11810",712,308275,308986
"942","PA14_11830",655,308987,309641
"943","PA14_11845",500,309642,310141
"944","PA14_11860",209,310142,310350
"945","PA14_11880",91,310351,310441
"946","PA14_11890",213,310442,310654
"947","PA14_11900",579,310655,311233
"948","PA14_11910",151,311234,311384
"949","PA14_11920",136,311385,311520
"950","PA14_11930",236,311521,311756
"951","PA14_11940",197,311757,311953
"952","PA14_11960",437,311954,312390
"953","PA14_11970",239,312391,312629
"954","PA14_11980",285,312630,312914
"955","PA14_11990",424,312915,313338
"956","PA14_12010",421,313339,313759
"957","PA14_12020",214,313760,313973
"958","PA14_12030",118,313974,314091
"959","PA14_12050",155,314092,314246
"960","PA14_12060",646,314247,314892
"961","PA14_12070",367,314893,315259
"962","PA14_12080",340,315260,315599
"963","PA14_12090",342,315600,315941
"964","PA14_12100",386,315942,316327
"965","PA14_12110",93,316328,316420
"966","PA14_12120",217,316421,316637
"967","PA14_12130",327,316638,316964
"968","PA14_12140",297,316965,317261
"969","PA14_12150",320,317262,317581
"970","PA14_12160",448,317582,318029
"971","PA14_12170",72,318030,318101
"972","PA14_12180",50,318102,318151
"973","PA14_12200",345,318152,318496
"974","PA14_12210",207,318497,318703
"975","PA14_12230",873,318704,319576
"976","PA14_12260",149,319577,319725
"977","PA14_12270",253,319726,319978
"978","PA14_12280",511,319979,320489
"979","PA14_12300",279,320490,320768
"980","PA14_12310",160,320769,320928
"981","PA14_12330",384,320929,321312
"982","PA14_12350",446,321313,321758
"983","PA14_12360",110,321759,321868
"984","PA14_12370",182,321869,322050
"985","PA14_12390",427,322051,322477
"986","PA14_12400",228,322478,322705
"987","PA14_12410",265,322706,322970
"988","PA14_12440",215,322971,323185
"989","PA14_12450",620,323186,323805
"990","PA14_12470",143,323806,323948
"991","PA14_12490",499,323949,324447
"992","PA14_12530",361,324448,324808
"993","PA14_12540",189,324809,324997
"994","PA14_12550",130,324998,325127
"995","PA14_12560",69,325128,325196
"996","PA14_12570",169,325197,325365
"997","PA14_12590",292,325366,325657
"998","PA14_12610",298,325658,325955
"999","PA14_12620",138,325956,326093
"1000","PA14_12630",871,326094,326964
"1001","PA14_12640",166,326965,327130
"1002","PA14_12650",262,327131,327392
"1003","PA14_12670",379,327393,327771
"1004","PA14_12680",278,327772,328049
"1005","PA14_12690",144,328050,328193
"1006","PA14_12700",218,328194,328411
"1007","PA14_12710",364,328412,328775
"1008","PA14_12730",193,328776,328968
"1009","PA14_12740",191,328969,329159
"1010","PA14_12750",167,329160,329326
"1011","PA14_12760",449,329327,329775
"1012","PA14_12770",391,329776,330166
"1013","PA14_12780",209,330167,330375
"1014","PA14_12810",392,330376,330767
"1015","PA14_12820",1212,330768,331979
"1016","PA14_12840",196,331980,332175
"1017","PA14_12850",192,332176,332367
"1018","PA14_12860",564,332368,332931
"1019","PA14_12870",300,332932,333231
"1020","PA14_12890",198,333232,333429
"1021","PA14_12900",93,333430,333522
"1022","PA14_12910",59,333523,333581
"1023","PA14_12920",344,333582,333925
"1024","PA14_12940",263,333926,334188
"1025","PA14_12960",272,334189,334460
"1026","PA14_12970",277,334461,334737
"1027","PA14_12980",678,334738,335415
"1028","PA14_12990",653,335416,336068
"1029","PA14_13000",324,336069,336392
"1030","PA14_13010",259,336393,336651
"1031","PA14_13030",488,336652,337139
"1032","PA14_13040",335,337140,337474
"1033","PA14_13050",56,337475,337530
"1034","PA14_13060",262,337531,337792
"1035","PA14_13070",393,337793,338185
"1036","PA14_13090",391,338186,338576
"1037","PA14_13110",560,338577,339136
"1038","PA14_13130",692,339137,339828
"1039","PA14_13140",455,339829,340283
"1040","PA14_13150",918,340284,341201
"1041","PA14_13170",792,341202,341993
"1042","PA14_13190",463,341994,342456
"1043","PA14_13200",258,342457,342714
"1044","PA14_13210",60,342715,342774
"1045","PA14_13220",142,342775,342916
"1046","PA14_13230",160,342917,343076
"1047","PA14_13240",83,343077,343159
"1048","PA14_13250",150,343160,343309
"1049","PA14_13260",185,343310,343494
"1050","PA14_13280",407,343495,343901
"1051","PA14_13290",331,343902,344232
"1052","PA14_13300",296,344233,344528
"1053","PA14_13320",171,344529,344699
"1054","PA14_13330",556,344700,345255
"1055","PA14_13340",780,345256,346035
"1056","PA14_13350",239,346036,346274
"1057","PA14_13360",261,346275,346535
"1058","PA14_13370",127,346536,346662
"1059","PA14_13380",175,346663,346837
"1060","PA14_13390",131,346838,346968
"1061","PA14_13410",527,346969,347495
"1062","PA14_13420",153,347496,347648
"1063","PA14_13430",842,347649,348490
"1064","PA14_13450",317,348491,348807
"1065","PA14_13460",169,348808,348976
"1066","PA14_13470",293,348977,349269
"1067","PA14_13490",300,349270,349569
"1068","PA14_13500",325,349570,349894
"1069","PA14_13510",317,349895,350211
"1070","PA14_13520",549,350212,350760
"1071","PA14_13530",805,350761,351565
"1072","PA14_13560",302,351566,351867
"1073","PA14_13580",387,351868,352254
"1074","PA14_13590",220,352255,352474
"1075","PA14_13600",311,352475,352785
"1076","PA14_13610",240,352786,353025
"1077","PA14_13620",465,353026,353490
"1078","PA14_13630",81,353491,353571
"1079","PA14_13650",299,353572,353870
"1080","PA14_13660",218,353871,354088
"1081","PA14_13670",128,354089,354216
"1082","PA14_13680",276,354217,354492
"1083","PA14_13690",249,354493,354741
"1084","PA14_13710",154,354742,354895
"1085","PA14_13720",131,354896,355026
"1086","PA14_13730",219,355027,355245
"1087","PA14_13740",622,355246,355867
"1088","PA14_13750",470,355868,356337
"1089","PA14_13770",468,356338,356805
"1090","PA14_13780",1261,356806,358066
"1091","PA14_13800",513,358067,358579
"1092","PA14_13810",246,358580,358825
"1093","PA14_13830",227,358826,359052
"1094","PA14_13840",272,359053,359324
"1095","PA14_13850",397,359325,359721
"1096","PA14_13860",63,359722,359784
"1097","PA14_13870",127,359785,359911
"1098","PA14_13880",31,359912,359942
"1099","PA14_13890",336,359943,360278
"1100","PA14_13920",52,360279,360330
"1101","PA14_13940",559,360331,360889
"1102","PA14_13950",112,360890,361001
"1103","PA14_13960",30,361002,361031
"1104","PA14_13970",87,361032,361118
"1105","PA14_13990",263,361119,361381
"1106","PA14_14000",210,361382,361591
"1107","PA14_14010",375,361592,361966
"1108","PA14_14020",319,361967,362285
"1109","PA14_14040",552,362286,362837
"1110","PA14_14060",632,362838,363469
"1111","PA14_14080",215,363470,363684
"1112","PA14_14100",341,363685,364025
"1113","PA14_14110",238,364026,364263
"1114","PA14_14130",160,364264,364423
"1115","PA14_14140",233,364424,364656
"1116","PA14_14150",104,364657,364760
"1117","PA14_14160",229,364761,364989
"1118","PA14_14170",336,364990,365325
"1119","PA14_14200",250,365326,365575
"1120","PA14_14210",348,365576,365923
"1121","PA14_14220",358,365924,366281
"1122","PA14_14230",451,366282,366732
"1123","PA14_14250",156,366733,366888
"1124","PA14_14270",180,366889,367068
"1125","PA14_14280",298,367069,367366
"1126","PA14_14290",203,367367,367569
"1127","PA14_14300",375,367570,367944
"1128","PA14_14310",100,367945,368044
"1129","PA14_14320",197,368045,368241
"1130","PA14_14330",116,368242,368357
"1131","PA14_14340",336,368358,368693
"1132","PA14_14360",631,368694,369324
"1133","PA14_14370",264,369325,369588
"1134","PA14_14380",296,369589,369884
"1135","PA14_14390",325,369885,370209
"1136","PA14_14400",46,370210,370255
"1137","PA14_14420",159,370256,370414
"1138","PA14_14430",126,370415,370540
"1139","PA14_14440",950,370541,371490
"1140","PA14_14450",122,371491,371612
"1141","PA14_14460",178,371613,371790
"1142","PA14_14470",495,371791,372285
"1143","PA14_14480",270,372286,372555
"1144","PA14_14490",344,372556,372899
"1145","PA14_14500",372,372900,373271
"1146","PA14_14510",355,373272,373626
"1147","PA14_14520",165,373627,373791
"1148","PA14_14530",523,373792,374314
"1149","PA14_14540",62,374315,374376
"1150","PA14_14550",135,374377,374511
"1151","PA14_14560",41,374512,374552
"1152","PA14_14590",347,374553,374899
"1153","PA14_14600",372,374900,375271
"1154","PA14_14610",112,375272,375383
"1155","PA14_14630",620,375384,376003
"1156","PA14_14650",306,376004,376309
"1157","PA14_14660",182,376310,376491
"1158","PA14_14680",282,376492,376773
"1159","PA14_14690",257,376774,377030
"1160","PA14_14700",258,377031,377288
"1161","PA14_14710",163,377289,377451
"1162","PA14_14730",404,377452,377855
"1163","PA14_14740",128,377856,377983
"1164","PA14_14750",107,377984,378090
"1165","PA14_14770",173,378091,378263
"1166","PA14_14780",619,378264,378882
"1167","PA14_14800",112,378883,378994
"1168","PA14_14810",66,378995,379060
"1169","PA14_14820",143,379061,379203
"1170","PA14_14830",379,379204,379582
"1171","PA14_14850",252,379583,379834
"1172","PA14_14860",349,379835,380183
"1173","PA14_14880",371,380184,380554
"1174","PA14_14890",429,380555,380983
"1175","PA14_14900",214,380984,381197
"1176","PA14_14910",440,381198,381637
"1177","PA14_14930",493,381638,382130
"1178","PA14_14940",382,382131,382512
"1179","PA14_14960",264,382513,382776
"1180","PA14_14975",195,382777,382971
"1181","PA14_14990",316,382972,383287
"1182","PA14_15000",151,383288,383438
"1183","PA14_15020",110,383439,383548
"1184","PA14_15030",592,383549,384140
"1185","PA14_15050",158,384141,384298
"1186","PA14_15070",761,384299,385059
"1187","PA14_15080",471,385060,385530
"1188","PA14_15090",131,385531,385661
"1189","PA14_15100",282,385662,385943
"1190","PA14_15110",129,385944,386072
"1191","PA14_15120",158,386073,386230
"1192","PA14_15130",190,386231,386420
"1193","PA14_15140",209,386421,386629
"1194","PA14_15150",365,386630,386994
"1195","PA14_15160",235,386995,387229
"1196","PA14_15180",426,387230,387655
"1197","PA14_15190",164,387656,387819
"1198","PA14_15200",346,387820,388165
"1199","PA14_15210",311,388166,388476
"1200","PA14_15230",459,388477,388935
"1201","PA14_15240",302,388936,389237
"1202","PA14_15250",260,389238,389497
"1203","PA14_15260",380,389498,389877
"1204","PA14_15270",385,389878,390262
"1205","PA14_15280",298,390263,390560
"1206","PA14_15290",325,390561,390885
"1207","PA14_15310",489,390886,391374
"1208","PA14_15340",525,391375,391899
"1209","PA14_15350",400,391900,392299
"1210","PA14_15360",326,392300,392625
"1211","PA14_15370",75,392626,392700
"1212","PA14_15380",292,392701,392992
"1213","PA14_15400",295,392993,393287
"1214","PA14_15430",186,393288,393473
"1215","PA14_15435",329,393474,393802
"1216","PA14_15445",78,393803,393880
"1217","PA14_15450",121,393881,394001
"1218","PA14_15460",580,394002,394581
"1219","PA14_15470",91,394582,394672
"1220","PA14_15475",116,394673,394788
"1221","PA14_15480",144,394789,394932
"1222","PA14_15490",58,394933,394990
"1223","PA14_15500",95,394991,395085
"1224","PA14_15510",123,395086,395208
"1225","PA14_15520",261,395209,395469
"1226","PA14_15530",91,395470,395560
"1227","PA14_15540",540,395561,396100
"1228","PA14_15560",102,396101,396202
"1229","PA14_15570",66,396203,396268
"1230","PA14_15580",926,396269,397194
"1231","PA14_15590",705,397195,397899
"1232","PA14_15600",394,397900,398293
"1233","PA14_15610",868,398294,399161
"1234","PA14_15620",320,399162,399481
"1235","PA14_15630",432,399482,399913
"1236","PA14_15650",318,399914,400231
"1237","PA14_15660",372,400232,400603
"1238","PA14_15670",463,400604,401066
"1239","PA14_15680",182,401067,401248
"1240","PA14_15700",418,401249,401666
"1241","PA14_15710",196,401667,401862
"1242","PA14_15720",452,401863,402314
"1243","PA14_15740",1298,402315,403612
"1244","PA14_15750",92,403613,403704
"1245","PA14_15770",105,403705,403809
"1246","PA14_15780",570,403810,404379
"1247","PA14_15790",905,404380,405284
"1248","PA14_15810",363,405285,405647
"1249","PA14_15820",363,405648,406010
"1250","PA14_15830",247,406011,406257
"1251","PA14_15840",166,406258,406423
"1252","PA14_15850",184,406424,406607
"1253","PA14_15860",203,406608,406810
"1254","PA14_15870",174,406811,406984
"1255","PA14_15880",64,406985,407048
"1256","PA14_15890",445,407049,407493
"1257","PA14_15910",249,407494,407742
"1258","PA14_15920",466,407743,408208
"1259","PA14_15930",430,408209,408638
"1260","PA14_15940",266,408639,408904
"1261","PA14_15960",458,408905,409362
"1262","PA14_15970",83,409363,409445
"1263","PA14_15980",175,409446,409620
"1264","PA14_15990",252,409621,409872
"1265","PA14_16000",116,409873,409988
"1266","PA14_16010",141,409989,410129
"1267","PA14_16020",228,410130,410357
"1268","PA14_16030",611,410358,410968
"1269","PA14_16040",298,410969,411266
"1270","PA14_16050",242,411267,411508
"1271","PA14_16070",434,411509,411942
"1272","PA14_16090",469,411943,412411
"1273","PA14_16100",409,412412,412820
"1274","PA14_16110",94,412821,412914
"1275","PA14_16130",409,412915,413323
"1276","PA14_16140",147,413324,413470
"1277","PA14_16150",231,413471,413701
"1278","PA14_16160",213,413702,413914
"1279","PA14_16180",688,413915,414602
"1280","PA14_16190",1746,414603,416348
"1281","PA14_16200",230,416349,416578
"1282","PA14_16210",179,416579,416757
"1283","PA14_16220",571,416758,417328
"1284","PA14_16250",498,417329,417826
"1285","PA14_16260",368,417827,418194
"1286","PA14_16270",116,418195,418310
"1287","PA14_16280",213,418311,418523
"1288","PA14_16290",141,418524,418664
"1289","PA14_16300",53,418665,418717
"1290","PA14_16310",420,418718,419137
"1291","PA14_16320",113,419138,419250
"1292","PA14_16330",568,419251,419818
"1293","PA14_16340",267,419819,420085
"1294","PA14_16350",213,420086,420298
"1295","PA14_16360",785,420299,421083
"1296","PA14_16370",231,421084,421314
"1297","PA14_16380",301,421315,421615
"1298","PA14_16390",557,421616,422172
"1299","PA14_16410",539,422173,422711
"1300","PA14_16430",542,422712,423253
"1301","PA14_16440",171,423254,423424
"1302","PA14_16450",422,423425,423846
"1303","PA14_16460",236,423847,424082
"1304","PA14_16470",831,424083,424913
"1305","PA14_16480",335,424914,425248
"1306","PA14_16500",347,425249,425595
"1307","PA14_16510",332,425596,425927
"1308","PA14_16530",501,425928,426428
"1309","PA14_16550",237,426429,426665
"1310","PA14_16560",183,426666,426848
"1311","PA14_16580",431,426849,427279
"1312","PA14_16590",248,427280,427527
"1313","PA14_16600",301,427528,427828
"1314","PA14_16610",107,427829,427935
"1315","PA14_16620",210,427936,428145
"1316","PA14_16630",261,428146,428406
"1317","PA14_16640",134,428407,428540
"1318","PA14_16660",868,428541,429408
"1319","PA14_16670",156,429409,429564
"1320","PA14_16680",114,429565,429678
"1321","PA14_16690",878,429679,430556
"1322","PA14_16700",215,430557,430771
"1323","PA14_16710",226,430772,430997
"1324","PA14_16720",123,430998,431120
"1325","PA14_16730",288,431121,431408
"1326","PA14_16740",274,431409,431682
"1327","PA14_16750",231,431683,431913
"1328","PA14_16770",261,431914,432174
"1329","PA14_16780",435,432175,432609
"1330","PA14_16790",212,432610,432821
"1331","PA14_16800",399,432822,433220
"1332","PA14_16820",1025,433221,434245
"1333","PA14_16830",226,434246,434471
"1334","PA14_16840",132,434472,434603
"1335","PA14_16860",834,434604,435437
"1336","PA14_16870",307,435438,435744
"1337","PA14_16880",244,435745,435988
"1338","PA14_16890",615,435989,436603
"1339","PA14_16910",326,436604,436929
"1340","PA14_16920",140,436930,437069
"1341","PA14_16930",401,437070,437470
"1342","PA14_16950",344,437471,437814
"1343","PA14_16960",214,437815,438028
"1344","PA14_16970",115,438029,438143
"1345","PA14_16980",117,438144,438260
"1346","PA14_16990",97,438261,438357
"1347","PA14_17000",119,438358,438476
"1348","PA14_17010",581,438477,439057
"1349","PA14_17030",402,439058,439459
"1350","PA14_17040",900,439460,440359
"1351","PA14_17050",261,440360,440620
"1352","PA14_17060",246,440621,440866
"1353","PA14_17070",289,440867,441155
"1354","PA14_17080",245,441156,441400
"1355","PA14_17100",185,441401,441585
"1356","PA14_17110",251,441586,441836
"1357","PA14_17120",271,441837,442107
"1358","PA14_17130",463,442108,442570
"1359","PA14_17140",450,442571,443020
"1360","PA14_17150",797,443021,443817
"1361","PA14_17170",168,443818,443985
"1362","PA14_17180",353,443986,444338
"1363","PA14_17190",146,444339,444484
"1364","PA14_17210",258,444485,444742
"1365","PA14_17220",378,444743,445120
"1366","PA14_17230",201,445121,445321
"1367","PA14_17250",471,445322,445792
"1368","PA14_17260",1173,445793,446965
"1369","PA14_17270",316,446966,447281
"1370","PA14_17280",490,447282,447771
"1371","PA14_17290",542,447772,448313
"1372","PA14_17310",281,448314,448594
"1373","PA14_17320",429,448595,449023
"1374","PA14_17330",94,449024,449117
"1375","PA14_17340",234,449118,449351
"1376","PA14_17350",82,449352,449433
"1377","PA14_17370",408,449434,449841
"1378","PA14_17380",302,449842,450143
"1379","PA14_17400",370,450144,450513
"1380","PA14_17410",283,450514,450796
"1381","PA14_17420",157,450797,450953
"1382","PA14_17440",355,450954,451308
"1383","PA14_17450",249,451309,451557
"1384","PA14_17460",211,451558,451768
"1385","PA14_17470",297,451769,452065
"1386","PA14_17480",334,452066,452399
"1387","PA14_17490",107,452400,452506
"1388","PA14_17500",896,452507,453402
"1389","PA14_17510",335,453403,453737
"1390","PA14_17520",168,453738,453905
"1391","PA14_17530",346,453906,454251
"1392","PA14_17540",153,454252,454404
"1393","PA14_17550",372,454405,454776
"1394","PA14_17570",467,454777,455243
"1395","PA14_17580",816,455244,456059
"1396","PA14_17590",73,456060,456132
"1397","PA14_17600",137,456133,456269
"1398","PA14_17610",354,456270,456623
"1399","PA14_17620",256,456624,456879
"1400","PA14_17630",297,456880,457176
"1401","PA14_17640",363,457177,457539
"1402","PA14_17650",238,457540,457777
"1403","PA14_17660",308,457778,458085
"1404","PA14_17670",217,458086,458302
"1405","PA14_17675",123,458303,458425
"1406","PA14_17690",536,458426,458961
"1407","PA14_17700",87,458962,459048
"1408","PA14_17710",50,459049,459098
"1409","PA14_17720",261,459099,459359
"1410","PA14_17730",271,459360,459630
"1411","PA14_17740",483,459631,460113
"1412","PA14_17760",357,460114,460470
"1413","PA14_17780",469,460471,460939
"1414","PA14_17790",295,460940,461234
"1415","PA14_17810",575,461235,461809
"1416","PA14_17820",412,461810,462221
"1417","PA14_17850",265,462222,462486
"1418","PA14_17860",510,462487,462996
"1419","PA14_17880",443,462997,463439
"1420","PA14_17890",416,463440,463855
"1421","PA14_17900",306,463856,464161
"1422","PA14_17910",328,464162,464489
"1423","PA14_17920",109,464490,464598
"1424","PA14_17930",539,464599,465137
"1425","PA14_17940",251,465138,465388
"1426","PA14_17960",549,465389,465937
"1427","PA14_17980",305,465938,466242
"1428","PA14_17990",157,466243,466399
"1429","PA14_18010",494,466400,466893
"1430","PA14_18020",261,466894,467154
"1431","PA14_18040",60,467155,467214
"1432","PA14_18050",150,467215,467364
"1433","PA14_18060",176,467365,467540
"1434","PA14_18070",65,467541,467605
"1435","PA14_18080",212,467606,467817
"1436","PA14_18090",392,467818,468209
"1437","PA14_18100",58,468210,468267
"1438","PA14_18110",307,468268,468574
"1439","PA14_18120",497,468575,469071
"1440","PA14_18140",323,469072,469394
"1441","PA14_18150",647,469395,470041
"1442","PA14_18160",337,470042,470378
"1443","PA14_18180",97,470379,470475
"1444","PA14_18200",306,470476,470781
"1445","PA14_18210",225,470782,471006
"1446","PA14_18230",329,471007,471335
"1447","PA14_18250",956,471336,472291
"1448","PA14_18260",314,472292,472605
"1449","PA14_18275",590,472606,473195
"1450","PA14_18300",464,473196,473659
"1451","PA14_18310",137,473660,473796
"1452","PA14_18320",115,473797,473911
"1453","PA14_18330",549,473912,474460
"1454","PA14_18340",352,474461,474812
"1455","PA14_18350",662,474813,475474
"1456","PA14_18360",339,475475,475813
"1457","PA14_18370",382,475814,476195
"1458","PA14_18380",481,476196,476676
"1459","PA14_18410",216,476677,476892
"1460","PA14_18430",391,476893,477283
"1461","PA14_18450",520,477284,477803
"1462","PA14_18470",367,477804,478170
"1463","PA14_18480",474,478171,478644
"1464","PA14_18500",543,478645,479187
"1465","PA14_18510",490,479188,479677
"1466","PA14_18520",475,479678,480152
"1467","PA14_18550",389,480153,480541
"1468","PA14_18565",497,480542,481038
"1469","PA14_18580",436,481039,481474
"1470","PA14_18590",259,481475,481733
"1471","PA14_18600",360,481734,482093
"1472","PA14_18610",305,482094,482398
"1473","PA14_18620",155,482399,482553
"1474","PA14_18630",995,482554,483548
"1475","PA14_18640",702,483549,484250
"1476","PA14_18650",108,484251,484358
"1477","PA14_18660",383,484359,484741
"1478","PA14_18670",158,484742,484899
"1479","PA14_18680",73,484900,484972
"1480","PA14_18690",200,484973,485172
"1481","PA14_18700",271,485173,485443
"1482","PA14_18710",370,485444,485813
"1483","PA14_18720",323,485814,486136
"1484","PA14_18740",420,486137,486556
"1485","PA14_18750",128,486557,486684
"1486","PA14_18760",385,486685,487069
"1487","PA14_18780",1057,487070,488126
"1488","PA14_18790",491,488127,488617
"1489","PA14_18800",64,488618,488681
"1490","PA14_18810",387,488682,489068
"1491","PA14_18820",328,489069,489396
"1492","PA14_18830",488,489397,489884
"1493","PA14_18850",483,489885,490367
"1494","PA14_18860",357,490368,490724
"1495","PA14_18870",59,490725,490783
"1496","PA14_18880",212,490784,490995
"1497","PA14_18890",240,490996,491235
"1498","PA14_18900",214,491236,491449
"1499","PA14_18910",344,491450,491793
"1500","PA14_18920",779,491794,492572
"1501","PA14_18930",188,492573,492760
"1502","PA14_18950",194,492761,492954
"1503","PA14_18960",232,492955,493186
"1504","PA14_18970",1103,493187,494289
"1505","PA14_18985",824,494290,495113
"1506","PA14_19010",147,495114,495260
"1507","PA14_19020",409,495261,495669
"1508","PA14_19030",266,495670,495935
"1509","PA14_19050",678,495936,496613
"1510","PA14_19065",364,496614,496977
"1511","PA14_19090",188,496978,497165
"1512","PA14_19100",295,497166,497460
"1513","PA14_19110",426,497461,497886
"1514","PA14_19120",241,497887,498127
"1515","PA14_19130",201,498128,498328
"1516","PA14_19140",268,498329,498596
"1517","PA14_19150",286,498597,498882
"1518","PA14_19160",299,498883,499181
"1519","PA14_19170",198,499182,499379
"1520","PA14_19190",564,499380,499943
"1521","PA14_19205",152,499944,500095
"1522","PA14_19210",180,500096,500275
"1523","PA14_19230",442,500276,500717
"1524","PA14_19270",455,500718,501172
"1525","PA14_19290",455,501173,501627
"1526","PA14_19310",571,501628,502198
"1527","PA14_19320",478,502199,502676
"1528","PA14_19330",76,502677,502752
"1529","PA14_19340",961,502753,503713
"1530","PA14_19350",398,503714,504111
"1531","PA14_19360",585,504112,504696
"1532","PA14_19370",652,504697,505348
"1533","PA14_19380",157,505349,505505
"1534","PA14_19390",257,505506,505762
"1535","PA14_19400",721,505763,506483
"1536","PA14_19410",496,506484,506979
"1537","PA14_19430",394,506980,507373
"1538","PA14_19450",221,507374,507594
"1539","PA14_19470",523,507595,508117
"1540","PA14_19480",69,508118,508186
"1541","PA14_19490",212,508187,508398
"1542","PA14_19500",334,508399,508732
"1543","PA14_19510",274,508733,509006
"1544","PA14_19520",269,509007,509275
"1545","PA14_19530",197,509276,509472
"1546","PA14_19540",323,509473,509795
"1547","PA14_19560",410,509796,510205
"1548","PA14_19570",262,510206,510467
"1549","PA14_19580",274,510468,510741
"1550","PA14_19590",71,510742,510812
"1551","PA14_19600",112,510813,510924
"1552","PA14_19610",103,510925,511027
"1553","PA14_19620",123,511028,511150
"1554","PA14_19630",186,511151,511336
"1555","PA14_19640",234,511337,511570
"1556","PA14_19650",185,511571,511755
"1557","PA14_19660",150,511756,511905
"1558","PA14_19670",297,511906,512202
"1559","PA14_19680",129,512203,512331
"1560","PA14_19690",228,512332,512559
"1561","PA14_19700",259,512560,512818
"1562","PA14_19710",298,512819,513116
"1563","PA14_19720",97,513117,513213
"1564","PA14_19730",303,513214,513516
"1565","PA14_19740",256,513517,513772
"1566","PA14_19750",128,513773,513900
"1567","PA14_19770",472,513901,514372
"1568","PA14_19800",254,514373,514626
"1569","PA14_19810",585,514627,515211
"1570","PA14_19830",456,515212,515667
"1571","PA14_19850",827,515668,516494
"1572","PA14_19860",270,516495,516764
"1573","PA14_19870",342,516765,517106
"1574","PA14_19900",365,517107,517471
"1575","PA14_19910",344,517472,517815
"1576","PA14_19920",443,517816,518258
"1577","PA14_19930",152,518259,518410
"1578","PA14_19940",215,518411,518625
"1579","PA14_19950",88,518626,518713
"1580","PA14_19960",89,518714,518802
"1581","PA14_19970",82,518803,518884
"1582","PA14_19990",171,518885,519055
"1583","PA14_20000",367,519056,519422
"1584","PA14_20010",986,519423,520408
"1585","PA14_20020",205,520409,520613
"1586","PA14_20030",603,520614,521216
"1587","PA14_20040",443,521217,521659
"1588","PA14_20050",467,521660,522126
"1589","PA14_20060",95,522127,522221
"1590","PA14_20070",161,522222,522382
"1591","PA14_20080",323,522383,522705
"1592","PA14_20100",390,522706,523095
"1593","PA14_20110",377,523096,523472
"1594","PA14_20120",113,523473,523585
"1595","PA14_20130",317,523586,523902
"1596","PA14_20140",258,523903,524160
"1597","PA14_20150",178,524161,524338
"1598","PA14_20170",275,524339,524613
"1599","PA14_20180",318,524614,524931
"1600","PA14_20190",471,524932,525402
"1601","PA14_20200",720,525403,526122
"1602","PA14_20230",715,526123,526837
"1603","PA14_20240",137,526838,526974
"1604","PA14_20250",100,526975,527074
"1605","PA14_20260",231,527075,527305
"1606","PA14_20270",256,527306,527561
"1607","PA14_20280",121,527562,527682
"1608","PA14_20290",108,527683,527790
"1609","PA14_20300",278,527791,528068
"1610","PA14_20320",334,528069,528402
"1611","PA14_20330",264,528403,528666
"1612","PA14_20350",272,528667,528938
"1613","PA14_20360",152,528939,529090
"1614","PA14_20370",209,529091,529299
"1615","PA14_20380",366,529300,529665
"1616","PA14_20390",294,529666,529959
"1617","PA14_20400",288,529960,530247
"1618","PA14_20420",238,530248,530485
"1619","PA14_20430",387,530486,530872
"1620","PA14_20440",185,530873,531057
"1621","PA14_20450",256,531058,531313
"1622","PA14_20460",61,531314,531374
"1623","PA14_20470",48,531375,531422
"1624","PA14_20480",92,531423,531514
"1625","PA14_20491",172,531515,531686
"1626","PA14_20510",324,531687,532010
"1627","PA14_20520",916,532011,532926
"1628","PA14_20530",158,532927,533084
"1629","PA14_20550",112,533085,533196
"1630","PA14_20560",346,533197,533542
"1631","PA14_20570",371,533543,533913
"1632","PA14_20580",385,533914,534298
"1633","PA14_20590",196,534299,534494
"1634","PA14_20600",224,534495,534718
"1635","PA14_20610",115,534719,534833
"1636","PA14_20620",352,534834,535185
"1637","PA14_20630",336,535186,535521
"1638","PA14_20640",293,535522,535814
"1639","PA14_20650",484,535815,536298
"1640","PA14_20670",413,536299,536711
"1641","PA14_20680",434,536712,537145
"1642","PA14_20690",203,537146,537348
"1643","PA14_20700",263,537349,537611
"1644","PA14_20720",156,537612,537767
"1645","PA14_20730",107,537768,537874
"1646","PA14_20740",232,537875,538106
"1647","PA14_20750",310,538107,538416
"1648","PA14_20760",274,538417,538690
"1649","PA14_20770",101,538691,538791
"1650","PA14_20780",582,538792,539373
"1651","PA14_20800",116,539374,539489
"1652","PA14_20810",741,539490,540230
"1653","PA14_20820",389,540231,540619
"1654","PA14_20840",338,540620,540957
"1655","PA14_20850",144,540958,541101
"1656","PA14_20860",789,541102,541890
"1657","PA14_20870",728,541891,542618
"1658","PA14_20880",96,542619,542714
"1659","PA14_20890",332,542715,543046
"1660","PA14_20900",388,543047,543434
"1661","PA14_20920",250,543435,543684
"1662","PA14_20940",79,543685,543763
"1663","PA14_20950",388,543764,544151
"1664","PA14_20960",141,544152,544292
"1665","PA14_20970",418,544293,544710
"1666","PA14_20980",304,544711,545014
"1667","PA14_21000",474,545015,545488
"1668","PA14_21010",430,545489,545918
"1669","PA14_21020",2380,545919,548298
"1670","PA14_21030",201,548299,548499
"1671","PA14_21040",295,548500,548794
"1672","PA14_21050",592,548795,549386
"1673","PA14_21060",291,549387,549677
"1674","PA14_21070",232,549678,549909
"1675","PA14_21080",304,549910,550213
"1676","PA14_21090",151,550214,550364
"1677","PA14_21110",754,550365,551118
"1678","PA14_21120",179,551119,551297
"1679","PA14_21130",242,551298,551539
"1680","PA14_21140",256,551540,551795
"1681","PA14_21150",277,551796,552072
"1682","PA14_21160",313,552073,552385
"1683","PA14_21175",335,552386,552720
"1684","PA14_21180",306,552721,553026
"1685","PA14_21190",785,553027,553811
"1686","PA14_21210",551,553812,554362
"1687","PA14_21220",151,554363,554513
"1688","PA14_21230",950,554514,555463
"1689","PA14_21240",102,555464,555565
"1690","PA14_21250",210,555566,555775
"1691","PA14_21260",37,555776,555812
"1692","PA14_21280",664,555813,556476
"1693","PA14_21290",285,556477,556761
"1694","PA14_21300",409,556762,557170
"1695","PA14_21310",156,557171,557326
"1696","PA14_21320",316,557327,557642
"1697","PA14_21340",562,557643,558204
"1698","PA14_21370",562,558205,558766
"1699","PA14_21380",100,558767,558866
"1700","PA14_21400",1326,558867,560192
"1701","PA14_21410",476,560193,560668
"1702","PA14_21440",145,560669,560813
"1703","PA14_21450",688,560814,561501
"1704","PA14_21460",271,561502,561772
"1705","PA14_21470",193,561773,561965
"1706","PA14_21480",184,561966,562149
"1707","PA14_21490",920,562150,563069
"1708","PA14_21510",137,563070,563206
"1709","PA14_21520",167,563207,563373
"1710","PA14_21530",171,563374,563544
"1711","PA14_21540",350,563545,563894
"1712","PA14_21550",203,563895,564097
"1713","PA14_21560",79,564098,564176
"1714","PA14_21570",104,564177,564280
"1715","PA14_21580",284,564281,564564
"1716","PA14_21590",244,564565,564808
"1717","PA14_21600",196,564809,565004
"1718","PA14_21610",438,565005,565442
"1719","PA14_21620",440,565443,565882
"1720","PA14_21630",99,565883,565981
"1721","PA14_21640",270,565982,566251
"1722","PA14_21650",140,566252,566391
"1723","PA14_21660",109,566392,566500
"1724","PA14_21670",95,566501,566595
"1725","PA14_21680",199,566596,566794
"1726","PA14_21690",1621,566795,568415
"1727","PA14_21700",1249,568416,569664
"1728","PA14_21710",195,569665,569859
"1729","PA14_21720",284,569860,570143
"1730","PA14_21730",737,570144,570880
"1731","PA14_21750",680,570881,571560
"1732","PA14_21760",69,571561,571629
"1733","PA14_21770",104,571630,571733
"1734","PA14_21780",311,571734,572044
"1735","PA14_21790",306,572045,572350
"1736","PA14_21820",253,572351,572603
"1737","PA14_21830",143,572604,572746
"1738","PA14_21840",248,572747,572994
"1739","PA14_21850",103,572995,573097
"1740","PA14_21860",159,573098,573256
"1741","PA14_21870",601,573257,573857
"1742","PA14_21880",698,573858,574555
"1743","PA14_21890",320,574556,574875
"1744","PA14_21900",192,574876,575067
"1745","PA14_21910",331,575068,575398
"1746","PA14_21920",265,575399,575663
"1747","PA14_21930",279,575664,575942
"1748","PA14_21940",269,575943,576211
"1749","PA14_21960",352,576212,576563
"1750","PA14_21970",238,576564,576801
"1751","PA14_21980",183,576802,576984
"1752","PA14_21990",429,576985,577413
"1753","PA14_22000",211,577414,577624
"1754","PA14_22010",84,577625,577708
"1755","PA14_22020",271,577709,577979
"1756","PA14_22040",263,577980,578242
"1757","PA14_22050",312,578243,578554
"1758","PA14_22060",389,578555,578943
"1759","PA14_22075",210,578944,579153
"1760","PA14_22080",231,579154,579384
"1761","PA14_22090",366,579385,579750
"1762","PA14_22100",241,579751,579991
"1763","PA14_22110",319,579992,580310
"1764","PA14_22120",774,580311,581084
"1765","PA14_22130",222,581085,581306
"1766","PA14_22140",266,581307,581572
"1767","PA14_22160",168,581573,581740
"1768","PA14_22180",46,581741,581786
"1769","PA14_22190",128,581787,581914
"1770","PA14_22210",111,581915,582025
"1771","PA14_22220",65,582026,582090
"1772","PA14_22230",65,582091,582155
"1773","PA14_22240",133,582156,582288
"1774","PA14_22250",208,582289,582496
"1775","PA14_22260",116,582497,582612
"1776","PA14_22270",525,582613,583137
"1777","PA14_22280",87,583138,583224
"1778","PA14_22290",267,583225,583491
"1779","PA14_22310",453,583492,583944
"1780","PA14_22320",73,583945,584017
"1781","PA14_22330",285,584018,584302
"1782","PA14_22340",103,584303,584405
"1783","PA14_22350",551,584406,584956
"1784","PA14_22370",599,584957,585555
"1785","PA14_22380",208,585556,585763
"1786","PA14_22400",52,585764,585815
"1787","PA14_22410",374,585816,586189
"1788","PA14_22420",88,586190,586277
"1789","PA14_22440",610,586278,586887
"1790","PA14_22450",187,586888,587074
"1791","PA14_22460",275,587075,587349
"1792","PA14_22470",310,587350,587659
"1793","PA14_22480",105,587660,587764
"1794","PA14_22490",213,587765,587977
"1795","PA14_22500",244,587978,588221
"1796","PA14_22510",130,588222,588351
"1797","PA14_22520",351,588352,588702
"1798","PA14_22530",205,588703,588907
"1799","PA14_22540",184,588908,589091
"1800","PA14_22550",270,589092,589361
"1801","PA14_22560",297,589362,589658
"1802","PA14_22570",111,589659,589769
"1803","PA14_22580",254,589770,590023
"1804","PA14_22590",270,590024,590293
"1805","PA14_22600",351,590294,590644
"1806","PA14_22620",463,590645,591107
"1807","PA14_22630",105,591108,591212
"1808","PA14_22640",337,591213,591549
"1809","PA14_22650",218,591550,591767
"1810","PA14_22660",312,591768,592079
"1811","PA14_22670",264,592080,592343
"1812","PA14_22680",381,592344,592724
"1813","PA14_22690",484,592725,593208
"1814","PA14_22700",123,593209,593331
"1815","PA14_22710",186,593332,593517
"1816","PA14_22720",159,593518,593676
"1817","PA14_22730",445,593677,594121
"1818","PA14_22740",146,594122,594267
"1819","PA14_22760",225,594268,594492
"1820","PA14_22770",122,594493,594614
"1821","PA14_22780",99,594615,594713
"1822","PA14_22800",195,594714,594908
"1823","PA14_22820",295,594909,595203
"1824","PA14_22830",209,595204,595412
"1825","PA14_22840",250,595413,595662
"1826","PA14_22860",332,595663,595994
"1827","PA14_22870",176,595995,596170
"1828","PA14_22880",70,596171,596240
"1829","PA14_22890",334,596241,596574
"1830","PA14_22910",608,596575,597182
"1831","PA14_22930",331,597183,597513
"1832","PA14_22940",242,597514,597755
"1833","PA14_22960",473,597756,598228
"1834","PA14_22980",420,598229,598648
"1835","PA14_22990",310,598649,598958
"1836","PA14_23000",281,598959,599239
"1837","PA14_23010",387,599240,599626
"1838","PA14_23030",454,599627,600080
"1839","PA14_23050",283,600081,600363
"1840","PA14_23060",313,600364,600676
"1841","PA14_23070",489,600677,601165
"1842","PA14_23080",238,601166,601403
"1843","PA14_23090",231,601404,601634
"1844","PA14_23100",145,601635,601779
"1845","PA14_23110",395,601780,602174
"1846","PA14_23120",125,602175,602299
"1847","PA14_23130",307,602300,602606
"1848","PA14_23160",404,602607,603010
"1849","PA14_23170",311,603011,603321
"1850","PA14_23190",242,603322,603563
"1851","PA14_23200",246,603564,603809
"1852","PA14_23210",231,603810,604040
"1853","PA14_23220",232,604041,604272
"1854","PA14_23240",468,604273,604740
"1855","PA14_23250",360,604741,605100
"1856","PA14_23260",925,605101,606025
"1857","PA14_23270",361,606026,606386
"1858","PA14_23280",365,606387,606751
"1859","PA14_23290",369,606752,607120
"1860","PA14_23310",746,607121,607866
"1861","PA14_23320",229,607867,608095
"1862","PA14_23330",559,608096,608654
"1863","PA14_23340",94,608655,608748
"1864","PA14_23350",99,608749,608847
"1865","PA14_23360",360,608848,609207
"1866","PA14_23370",378,609208,609585
"1867","PA14_23380",422,609586,610007
"1868","PA14_23390",420,610008,610427
"1869","PA14_23400",449,610428,610876
"1870","PA14_23410",280,610877,611156
"1871","PA14_23420",722,611157,611878
"1872","PA14_23430",550,611879,612428
"1873","PA14_23440",370,612429,612798
"1874","PA14_23450",317,612799,613115
"1875","PA14_23460",338,613116,613453
"1876","PA14_23470",665,613454,614118
"1877","PA14_23480",109,614119,614227
"1878","PA14_23500",398,614228,614625
"1879","PA14_23510",670,614626,615295
"1880","PA14_23520",499,615296,615794
"1881","PA14_23530",355,615795,616149
"1882","PA14_23540",306,616150,616455
"1883","PA14_23560",494,616456,616949
"1884","PA14_23590",180,616950,617129
"1885","PA14_23610",285,617130,617414
"1886","PA14_23620",215,617415,617629
"1887","PA14_23630",145,617630,617774
"1888","PA14_23640",319,617775,618093
"1889","PA14_23650",296,618094,618389
"1890","PA14_23670",267,618390,618656
"1891","PA14_23680",149,618657,618805
"1892","PA14_23690",442,618806,619247
"1893","PA14_23700",303,619248,619550
"1894","PA14_23720",125,619551,619675
"1895","PA14_23730",297,619676,619972
"1896","PA14_23750",478,619973,620450
"1897","PA14_23760",212,620451,620662
"1898","PA14_23770",187,620663,620849
"1899","PA14_23790",360,620850,621209
"1900","PA14_23800",370,621210,621579
"1901","PA14_23810",336,621580,621915
"1902","PA14_23830",924,621916,622839
"1903","PA14_23840",319,622840,623158
"1904","PA14_23850",216,623159,623374
"1905","PA14_23860",290,623375,623664
"1906","PA14_23880",429,623665,624093
"1907","PA14_23890",244,624094,624337
"1908","PA14_23900",180,624338,624517
"1909","PA14_23920",501,624518,625018
"1910","PA14_23930",403,625019,625421
"1911","PA14_23950",255,625422,625676
"1912","PA14_23970",658,625677,626334
"1913","PA14_23980",235,626335,626569
"1914","PA14_23990",502,626570,627071
"1915","PA14_24010",405,627072,627476
"1916","PA14_24020",148,627477,627624
"1917","PA14_24040",172,627625,627796
"1918","PA14_24050",129,627797,627925
"1919","PA14_24060",237,627926,628162
"1920","PA14_24070",333,628163,628495
"1921","PA14_24080",382,628496,628877
"1922","PA14_24100",174,628878,629051
"1923","PA14_24140",384,629052,629435
"1924","PA14_24150",372,629436,629807
"1925","PA14_24170",679,629808,630486
"1926","PA14_24180",521,630487,631007
"1927","PA14_24190",310,631008,631317
"1928","PA14_24210",321,631318,631638
"1929","PA14_24220",295,631639,631933
"1930","PA14_24230",326,631934,632259
"1931","PA14_24240",286,632260,632545
"1932","PA14_24245",87,632546,632632
"1933","PA14_24260",266,632633,632898
"1934","PA14_24270",885,632899,633783
"1935","PA14_24290",654,633784,634437
"1936","PA14_24300",488,634438,634925
"1937","PA14_24310",365,634926,635290
"1938","PA14_24330",793,635291,636083
"1939","PA14_24340",431,636084,636514
"1940","PA14_24350",234,636515,636748
"1941","PA14_24360",974,636749,637722
"1942","PA14_24370",401,637723,638123
"1943","PA14_24380",592,638124,638715
"1944","PA14_24390",587,638716,639302
"1945","PA14_24400",340,639303,639642
"1946","PA14_24410",187,639643,639829
"1947","PA14_24420",312,639830,640141
"1948","PA14_24430",326,640142,640467
"1949","PA14_24440",205,640468,640672
"1950","PA14_24445",1620,640673,642292
"1951","PA14_24480",948,642293,643240
"1952","PA14_24490",1283,643241,644523
"1953","PA14_24500",189,644524,644712
"1954","PA14_24510",455,644713,645167
"1955","PA14_24530",329,645168,645496
"1956","PA14_24550",507,645497,646003
"1957","PA14_24560",456,646004,646459
"1958","PA14_24570",76,646460,646535
"1959","PA14_24580",158,646536,646693
"1960","PA14_24590",158,646694,646851
"1961","PA14_24600",634,646852,647485
"1962","PA14_24610",361,647486,647846
"1963","PA14_24620",376,647847,648222
"1964","PA14_24630",93,648223,648315
"1965","PA14_24640",352,648316,648667
"1966","PA14_24650",70,648668,648737
"1967","PA14_24665",370,648738,649107
"1968","PA14_24675",343,649108,649450
"1969","PA14_24690",476,649451,649926
"1970","PA14_24700",114,649927,650040
"1971","PA14_24710",207,650041,650247
"1972","PA14_24720",741,650248,650988
"1973","PA14_24730",443,650989,651431
"1974","PA14_24740",107,651432,651538
"1975","PA14_24760",143,651539,651681
"1976","PA14_24770",109,651682,651790
"1977","PA14_24780",460,651791,652250
"1978","PA14_24790",421,652251,652671
"1979","PA14_24810",288,652672,652959
"1980","PA14_24820",310,652960,653269
"1981","PA14_24830",198,653270,653467
"1982","PA14_24840",185,653468,653652
"1983","PA14_24850",92,653653,653744
"1984","PA14_24860",467,653745,654211
"1985","PA14_24880",73,654212,654284
"1986","PA14_24890",198,654285,654482
"1987","PA14_24900",179,654483,654661
"1988","PA14_24910",437,654662,655098
"1989","PA14_24920",343,655099,655441
"1990","PA14_24940",531,655442,655972
"1991","PA14_24950",461,655973,656433
"1992","PA14_24960",519,656434,656952
"1993","PA14_24970",302,656953,657254
"1994","PA14_24980",268,657255,657522
"1995","PA14_24990",128,657523,657650
"1996","PA14_25000",642,657651,658292
"1997","PA14_25020",640,658293,658932
"1998","PA14_25030",228,658933,659160
"1999","PA14_25040",145,659161,659305
"2000","PA14_25050",144,659306,659449
"2001","PA14_25060",272,659450,659721
"2002","PA14_25080",715,659722,660436
"2003","PA14_25090",391,660437,660827
"2004","PA14_25100",124,660828,660951
"2005","PA14_25110",868,660952,661819
"2006","PA14_25130",172,661820,661991
"2007","PA14_25140",77,661992,662068
"2008","PA14_25150",161,662069,662229
"2009","PA14_25160",204,662230,662433
"2010","PA14_25180",233,662434,662666
"2011","PA14_25195",332,662667,662998
"2012","PA14_25210",245,662999,663243
"2013","PA14_25220",209,663244,663452
"2014","PA14_25230",1148,663453,664600
"2015","PA14_25250",461,664601,665061
"2016","PA14_25270",469,665062,665530
"2017","PA14_25280",445,665531,665975
"2018","PA14_25305",403,665976,666378
"2019","PA14_25320",261,666379,666639
"2020","PA14_25330",224,666640,666863
"2021","PA14_25340",202,666864,667065
"2022","PA14_25350",421,667066,667486
"2023","PA14_25360",342,667487,667828
"2024","PA14_25370",75,667829,667903
"2025","PA14_25390",464,667904,668367
"2026","PA14_25400",240,668368,668607
"2027","PA14_25410",102,668608,668709
"2028","PA14_25420",284,668710,668993
"2029","PA14_25430",416,668994,669409
"2030","PA14_25440",227,669410,669636
"2031","PA14_25450",433,669637,670069
"2032","PA14_25470",177,670070,670246
"2033","PA14_25480",910,670247,671156
"2034","PA14_25490",211,671157,671367
"2035","PA14_25500",146,671368,671513
"2036","PA14_25510",332,671514,671845
"2037","PA14_25520",61,671846,671906
"2038","PA14_25530",254,671907,672160
"2039","PA14_25540",154,672161,672314
"2040","PA14_25550",339,672315,672653
"2041","PA14_25560",1057,672654,673710
"2042","PA14_25580",318,673711,674028
"2043","PA14_25590",230,674029,674258
"2044","PA14_25600",326,674259,674584
"2045","PA14_25610",192,674585,674776
"2046","PA14_25620",178,674777,674954
"2047","PA14_25630",60,674955,675014
"2048","PA14_25640",326,675015,675340
"2049","PA14_25650",312,675341,675652
"2050","PA14_25660",247,675653,675899
"2051","PA14_25670",78,675900,675977
"2052","PA14_25690",414,675978,676391
"2053","PA14_25710",271,676392,676662
"2054","PA14_25730",349,676663,677011
"2055","PA14_25740",210,677012,677221
"2056","PA14_25760",342,677222,677563
"2057","PA14_25770",118,677564,677681
"2058","PA14_25780",316,677682,677997
"2059","PA14_25790",391,677998,678388
"2060","PA14_25800",212,678389,678600
"2061","PA14_25810",298,678601,678898
"2062","PA14_25820",210,678899,679108
"2063","PA14_25830",189,679109,679297
"2064","PA14_25840",551,679298,679848
"2065","PA14_25860",249,679849,680097
"2066","PA14_25880",309,680098,680406
"2067","PA14_25900",398,680407,680804
"2068","PA14_25910",359,680805,681163
"2069","PA14_25920",250,681164,681413
"2070","PA14_25930",142,681414,681555
"2071","PA14_25940",364,681556,681919
"2072","PA14_25960",375,681920,682294
"2073","PA14_25970",1265,682295,683559
"2074","PA14_25980",364,683560,683923
"2075","PA14_25990",366,683924,684289
"2076","PA14_26000",214,684290,684503
"2077","PA14_26010",379,684504,684882
"2078","PA14_26020",536,684883,685418
"2079","PA14_26050",485,685419,685903
"2080","PA14_26060",102,685904,686005
"2081","PA14_26070",193,686006,686198
"2082","PA14_26080",66,686199,686264
"2083","PA14_26090",319,686265,686583
"2084","PA14_26110",431,686584,687014
"2085","PA14_26130",369,687015,687383
"2086","PA14_26140",196,687384,687579
"2087","PA14_26150",308,687580,687887
"2088","PA14_26160",204,687888,688091
"2089","PA14_26165",589,688092,688680
"2090","PA14_26190",443,688681,689123
"2091","PA14_26200",60,689124,689183
"2092","PA14_26210",255,689184,689438
"2093","PA14_26220",237,689439,689675
"2094","PA14_26230",229,689676,689904
"2095","PA14_26240",263,689905,690167
"2096","PA14_26260",389,690168,690556
"2097","PA14_26270",329,690557,690885
"2098","PA14_26280",545,690886,691430
"2099","PA14_26300",85,691431,691515
"2100","PA14_26310",257,691516,691772
"2101","PA14_26330",278,691773,692050
"2102","PA14_26340",200,692051,692250
"2103","PA14_26350",288,692251,692538
"2104","PA14_26360",343,692539,692881
"2105","PA14_26390",323,692882,693204
"2106","PA14_26400",257,693205,693461
"2107","PA14_26420",718,693462,694179
"2108","PA14_26450",189,694180,694368
"2109","PA14_26460",262,694369,694630
"2110","PA14_26470",393,694631,695023
"2111","PA14_26480",459,695024,695482
"2112","PA14_26485",486,695483,695968
"2113","PA14_26500",222,695969,696190
"2114","PA14_26510",250,696191,696440
"2115","PA14_26530",590,696441,697030
"2116","PA14_26540",282,697031,697312
"2117","PA14_26550",119,697313,697431
"2118","PA14_26560",269,697432,697700
"2119","PA14_26570",212,697701,697912
"2120","PA14_26580",136,697913,698048
"2121","PA14_26590",479,698049,698527
"2122","PA14_26600",194,698528,698721
"2123","PA14_26610",251,698722,698972
"2124","PA14_26620",140,698973,699112
"2125","PA14_26640",608,699113,699720
"2126","PA14_26650",281,699721,700001
"2127","PA14_26670",661,700002,700662
"2128","PA14_26690",264,700663,700926
"2129","PA14_26700",386,700927,701312
"2130","PA14_26720",538,701313,701850
"2131","PA14_26730",326,701851,702176
"2132","PA14_26750",695,702177,702871
"2133","PA14_26760",198,702872,703069
"2134","PA14_26770",254,703070,703323
"2135","PA14_26780",55,703324,703378
"2136","PA14_26810",371,703379,703749
"2137","PA14_26830",325,703750,704074
"2138","PA14_26850",171,704075,704245
"2139","PA14_26860",325,704246,704570
"2140","PA14_26870",213,704571,704783
"2141","PA14_26880",297,704784,705080
"2142","PA14_26890",232,705081,705312
"2143","PA14_26910",305,705313,705617
"2144","PA14_26920",318,705618,705935
"2145","PA14_26930",668,705936,706603
"2146","PA14_26940",256,706604,706859
"2147","PA14_26960",265,706860,707124
"2148","PA14_26970",567,707125,707691
"2149","PA14_26980",162,707692,707853
"2150","PA14_26990",119,707854,707972
"2151","PA14_27000",490,707973,708462
"2152","PA14_27020",267,708463,708729
"2153","PA14_27050",476,708730,709205
"2154","PA14_27070",144,709206,709349
"2155","PA14_27090",288,709350,709637
"2156","PA14_27100",311,709638,709948
"2157","PA14_27110",182,709949,710130
"2158","PA14_27120",146,710131,710276
"2159","PA14_27130",168,710277,710444
"2160","PA14_27140",830,710445,711274
"2161","PA14_27150",227,711275,711501
"2162","PA14_27160",201,711502,711702
"2163","PA14_27170",92,711703,711794
"2164","PA14_27180",323,711795,712117
"2165","PA14_27200",376,712118,712493
"2166","PA14_27210",188,712494,712681
"2167","PA14_27220",142,712682,712823
"2168","PA14_27230",151,712824,712974
"2169","PA14_27250",339,712975,713313
"2170","PA14_27270",249,713314,713562
"2171","PA14_27280",284,713563,713846
"2172","PA14_27290",77,713847,713923
"2173","PA14_27310",408,713924,714331
"2174","PA14_27330",448,714332,714779
"2175","PA14_27350",249,714780,715028
"2176","PA14_27360",263,715029,715291
"2177","PA14_27370",567,715292,715858
"2178","PA14_27390",256,715859,716114
"2179","PA14_27400",323,716115,716437
"2180","PA14_27410",479,716438,716916
"2181","PA14_27420",354,716917,717270
"2182","PA14_27430",530,717271,717800
"2183","PA14_27440",321,717801,718121
"2184","PA14_27450",176,718122,718297
"2185","PA14_27460",218,718298,718515
"2186","PA14_27470",375,718516,718890
"2187","PA14_27480",291,718891,719181
"2188","PA14_27490",150,719182,719331
"2189","PA14_27500",403,719332,719734
"2190","PA14_27510",132,719735,719866
"2191","PA14_27520",161,719867,720027
"2192","PA14_27530",163,720028,720190
"2193","PA14_27550",832,720191,721022
"2194","PA14_27560",331,721023,721353
"2195","PA14_27570",160,721354,721513
"2196","PA14_27580",220,721514,721733
"2197","PA14_27590",257,721734,721990
"2198","PA14_27630",106,721991,722096
"2199","PA14_27640",106,722097,722202
"2200","PA14_27650",181,722203,722383
"2201","PA14_27660",79,722384,722462
"2202","PA14_27675",713,722463,723175
"2203","PA14_27680",220,723176,723395
"2204","PA14_27690",197,723396,723592
"2205","PA14_27700",241,723593,723833
"2206","PA14_27710",136,723834,723969
"2207","PA14_27720",126,723970,724095
"2208","PA14_27730",815,724096,724910
"2209","PA14_27740",223,724911,725133
"2210","PA14_27755",206,725134,725339
"2211","PA14_27770",310,725340,725649
"2212","PA14_27780",259,725650,725908
"2213","PA14_27800",443,725909,726351
"2214","PA14_27810",226,726352,726577
"2215","PA14_27830",63,726578,726640
"2216","PA14_27840",205,726641,726845
"2217","PA14_27850",276,726846,727121
"2218","PA14_27870",87,727122,727208
"2219","PA14_27880",193,727209,727401
"2220","PA14_27890",247,727402,727648
"2221","PA14_27900",239,727649,727887
"2222","PA14_27910",134,727888,728021
"2223","PA14_27920",234,728022,728255
"2224","PA14_27930",99,728256,728354
"2225","PA14_27940",394,728355,728748
"2226","PA14_27950",160,728749,728908
"2227","PA14_27960",307,728909,729215
"2228","PA14_27980",332,729216,729547
"2229","PA14_27990",438,729548,729985
"2230","PA14_28000",346,729986,730331
"2231","PA14_28010",198,730332,730529
"2232","PA14_28020",96,730530,730625
"2233","PA14_28030",161,730626,730786
"2234","PA14_28040",359,730787,731145
"2235","PA14_28050",580,731146,731725
"2236","PA14_28060",412,731726,732137
"2237","PA14_28070",155,732138,732292
"2238","PA14_28080",72,732293,732364
"2239","PA14_28090",185,732365,732549
"2240","PA14_28100",626,732550,733175
"2241","PA14_28110",268,733176,733443
"2242","PA14_28120",113,733444,733556
"2243","PA14_28130",114,733557,733670
"2244","PA14_28140",132,733671,733802
"2245","PA14_28150",378,733803,734180
"2246","PA14_28170",318,734181,734498
"2247","PA14_28180",427,734499,734925
"2248","PA14_28200",145,734926,735070
"2249","PA14_28210",195,735071,735265
"2250","PA14_28220",173,735266,735438
"2251","PA14_28230",56,735439,735494
"2252","PA14_28240",74,735495,735568
"2253","PA14_28250",380,735569,735948
"2254","PA14_28260",98,735949,736046
"2255","PA14_28280",259,736047,736305
"2256","PA14_28290",136,736306,736441
"2257","PA14_28300",160,736442,736601
"2258","PA14_28310",322,736602,736923
"2259","PA14_28320",193,736924,737116
"2260","PA14_28330",31,737117,737147
"2261","PA14_28340",299,737148,737446
"2262","PA14_28350",231,737447,737677
"2263","PA14_28360",69,737678,737746
"2264","PA14_28370",69,737747,737815
"2265","PA14_28380",114,737816,737929
"2266","PA14_28390",138,737930,738067
"2267","PA14_28400",425,738068,738492
"2268","PA14_28410",104,738493,738596
"2269","PA14_28420",295,738597,738891
"2270","PA14_28430",147,738892,739038
"2271","PA14_28440",144,739039,739182
"2272","PA14_28450",156,739183,739338
"2273","PA14_28460",76,739339,739414
"2274","PA14_28470",65,739415,739479
"2275","PA14_28490",109,739480,739588
"2276","PA14_28500",124,739589,739712
"2277","PA14_28510",147,739713,739859
"2278","PA14_28520",147,739860,740006
"2279","PA14_28530",299,740007,740305
"2280","PA14_28540",77,740306,740382
"2281","PA14_28560",172,740383,740554
"2282","PA14_28570",237,740555,740791
"2283","PA14_28580",73,740792,740864
"2284","PA14_28590",260,740865,741124
"2285","PA14_28600",95,741125,741219
"2286","PA14_28610",58,741220,741277
"2287","PA14_28620",108,741278,741385
"2288","PA14_28630",322,741386,741707
"2289","PA14_28650",640,741708,742347
"2290","PA14_28660",177,742348,742524
"2291","PA14_28670",64,742525,742588
"2292","PA14_28680",118,742589,742706
"2293","PA14_28690",338,742707,743044
"2294","PA14_28710",792,743045,743836
"2295","PA14_28720",100,743837,743936
"2296","PA14_28730",118,743937,744054
"2297","PA14_28750",53,744055,744107
"2298","PA14_28760",230,744108,744337
"2299","PA14_28770",547,744338,744884
"2300","PA14_28780",94,744885,744978
"2301","PA14_28790",53,744979,745031
"2302","PA14_28800",331,745032,745362
"2303","PA14_28810",1707,745363,747069
"2304","PA14_28820",832,747070,747901
"2305","PA14_28830",431,747902,748332
"2306","PA14_28840",736,748333,749068
"2307","PA14_28850",115,749069,749183
"2308","PA14_28870",98,749184,749281
"2309","PA14_28880",450,749282,749731
"2310","PA14_28895",2098,749732,751829
"2311","PA14_28910",212,751830,752041
"2312","PA14_28920",696,752042,752737
"2313","PA14_28930",180,752738,752917
"2314","PA14_28940",92,752918,753009
"2315","PA14_28950",130,753010,753139
"2316","PA14_28960",159,753140,753298
"2317","PA14_28970",179,753299,753477
"2318","PA14_28980",318,753478,753795
"2319","PA14_28990",214,753796,754009
"2320","PA14_29000",228,754010,754237
"2321","PA14_29010",174,754238,754411
"2322","PA14_29020",276,754412,754687
"2323","PA14_29030",411,754688,755098
"2324","PA14_29040",112,755099,755210
"2325","PA14_29050",769,755211,755979
"2326","PA14_29060",159,755980,756138
"2327","PA14_29070",287,756139,756425
"2328","PA14_29090",365,756426,756790
"2329","PA14_29100",204,756791,756994
"2330","PA14_29110",324,756995,757318
"2331","PA14_29120",361,757319,757679
"2332","PA14_29130",281,757680,757960
"2333","PA14_29150",131,757961,758091
"2334","PA14_29160",393,758092,758484
"2335","PA14_29180",339,758485,758823
"2336","PA14_29190",77,758824,758900
"2337","PA14_29200",158,758901,759058
"2338","PA14_29210",541,759059,759599
"2339","PA14_29220",468,759600,760067
"2340","PA14_29230",612,760068,760679
"2341","PA14_29240",226,760680,760905
"2342","PA14_29250",93,760906,760998
"2343","PA14_29260",297,760999,761295
"2344","PA14_29270",367,761296,761662
"2345","PA14_29280",112,761663,761774
"2346","PA14_29290",178,761775,761952
"2347","PA14_29300",174,761953,762126
"2348","PA14_29320",401,762127,762527
"2349","PA14_29330",330,762528,762857
"2350","PA14_29340",304,762858,763161
"2351","PA14_29350",746,763162,763907
"2352","PA14_29360",494,763908,764401
"2353","PA14_29390",689,764402,765090
"2354","PA14_29400",1516,765091,766606
"2355","PA14_29410",320,766607,766926
"2356","PA14_29420",413,766927,767339
"2357","PA14_29440",309,767340,767648
"2358","PA14_29460",327,767649,767975
"2359","PA14_29470",273,767976,768248
"2360","PA14_29480",267,768249,768515
"2361","PA14_29490",575,768516,769090
"2362","PA14_29500",395,769091,769485
"2363","PA14_29510",144,769486,769629
"2364","PA14_29520",136,769630,769765
"2365","PA14_29530",149,769766,769914
"2366","PA14_29540",196,769915,770110
"2367","PA14_29550",385,770111,770495
"2368","PA14_29560",328,770496,770823
"2369","PA14_29570",194,770824,771017
"2370","PA14_29575",105,771018,771122
"2371","PA14_29590",117,771123,771239
"2372","PA14_29600",118,771240,771357
"2373","PA14_29620",517,771358,771874
"2374","PA14_29640",393,771875,772267
"2375","PA14_29650",85,772268,772352
"2376","PA14_29660",397,772353,772749
"2377","PA14_29680",297,772750,773046
"2378","PA14_29690",360,773047,773406
"2379","PA14_29710",102,773407,773508
"2380","PA14_29720",104,773509,773612
"2381","PA14_29730",223,773613,773835
"2382","PA14_29740",446,773836,774281
"2383","PA14_29750",102,774282,774383
"2384","PA14_29760",714,774384,775097
"2385","PA14_29770",441,775098,775538
"2386","PA14_29800",561,775539,776099
"2387","PA14_29820",352,776100,776451
"2388","PA14_29830",269,776452,776720
"2389","PA14_29850",486,776721,777206
"2390","PA14_29860",509,777207,777715
"2391","PA14_29880",615,777716,778330
"2392","PA14_29890",102,778331,778432
"2393","PA14_29900",166,778433,778598
"2394","PA14_29920",182,778599,778780
"2395","PA14_29930",331,778781,779111
"2396","PA14_29940",905,779112,780016
"2397","PA14_29970",449,780017,780465
"2398","PA14_29980",166,780466,780631
"2399","PA14_29990",593,780632,781224
"2400","PA14_30010",225,781225,781449
"2401","PA14_30020",137,781450,781586
"2402","PA14_30030",184,781587,781770
"2403","PA14_30040",722,781771,782492
"2404","PA14_30050",531,782493,783023
"2405","PA14_30070",273,783024,783296
"2406","PA14_30080",206,783297,783502
"2407","PA14_30090",141,783503,783643
"2408","PA14_30100",389,783644,784032
"2409","PA14_30110",456,784033,784488
"2410","PA14_30130",296,784489,784784
"2411","PA14_30140",206,784785,784990
"2412","PA14_30150",375,784991,785365
"2413","PA14_30160",156,785366,785521
"2414","PA14_30180",741,785522,786262
"2415","PA14_30190",418,786263,786680
"2416","PA14_30200",90,786681,786770
"2417","PA14_30210",122,786771,786892
"2418","PA14_30230",758,786893,787650
"2419","PA14_30240",72,787651,787722
"2420","PA14_30260",235,787723,787957
"2421","PA14_30270",226,787958,788183
"2422","PA14_30280",316,788184,788499
"2423","PA14_30290",811,788500,789310
"2424","PA14_30310",208,789311,789518
"2425","PA14_30320",441,789519,789959
"2426","PA14_30330",426,789960,790385
"2427","PA14_30340",465,790386,790850
"2428","PA14_30350",329,790851,791179
"2429","PA14_30360",327,791180,791506
"2430","PA14_30370",111,791507,791617
"2431","PA14_30380",101,791618,791718
"2432","PA14_30390",119,791719,791837
"2433","PA14_30400",131,791838,791968
"2434","PA14_30410",222,791969,792190
"2435","PA14_30430",527,792191,792717
"2436","PA14_30440",201,792718,792918
"2437","PA14_30450",298,792919,793216
"2438","PA14_30460",355,793217,793571
"2439","PA14_30470",314,793572,793885
"2440","PA14_30490",360,793886,794245
"2441","PA14_30500",383,794246,794628
"2442","PA14_30520",328,794629,794956
"2443","PA14_30540",318,794957,795274
"2444","PA14_30550",319,795275,795593
"2445","PA14_30560",190,795594,795783
"2446","PA14_30570",367,795784,796150
"2447","PA14_30580",268,796151,796418
"2448","PA14_30590",959,796419,797377
"2449","PA14_30600",404,797378,797781
"2450","PA14_30620",342,797782,798123
"2451","PA14_30630",382,798124,798505
"2452","PA14_30650",230,798506,798735
"2453","PA14_30660",608,798736,799343
"2454","PA14_30670",186,799344,799529
"2455","PA14_30690",351,799530,799880
"2456","PA14_30700",992,799881,800872
"2457","PA14_30710",177,800873,801049
"2458","PA14_30730",346,801050,801395
"2459","PA14_30740",196,801396,801591
"2460","PA14_30750",288,801592,801879
"2461","PA14_30760",186,801880,802065
"2462","PA14_30770",145,802066,802210
"2463","PA14_30790",299,802211,802509
"2464","PA14_30800",200,802510,802709
"2465","PA14_30810",382,802710,803091
"2466","PA14_30820",535,803092,803626
"2467","PA14_30830",447,803627,804073
"2468","PA14_30840",470,804074,804543
"2469","PA14_30850",432,804544,804975
"2470","PA14_30860",330,804976,805305
"2471","PA14_30870",234,805306,805539
"2472","PA14_30880",461,805540,806000
"2473","PA14_30890",47,806001,806047
"2474","PA14_30900",241,806048,806288
"2475","PA14_30910",817,806289,807105
"2476","PA14_30930",130,807106,807235
"2477","PA14_30940",356,807236,807591
"2478","PA14_30950",154,807592,807745
"2479","PA14_30960",673,807746,808418
"2480","PA14_30970",331,808419,808749
"2481","PA14_30980",101,808750,808850
"2482","PA14_30990",222,808851,809072
"2483","PA14_31000",247,809073,809319
"2484","PA14_31010",1045,809320,810364
"2485","PA14_31030",409,810365,810773
"2486","PA14_31040",415,810774,811188
"2487","PA14_31050",332,811189,811520
"2488","PA14_31060",205,811521,811725
"2489","PA14_31070",878,811726,812603
"2490","PA14_31080",199,812604,812802
"2491","PA14_31090",305,812803,813107
"2492","PA14_31100",224,813108,813331
"2493","PA14_31110",479,813332,813810
"2494","PA14_31130",268,813811,814078
"2495","PA14_31150",133,814079,814211
"2496","PA14_31160",107,814212,814318
"2497","PA14_31170",35,814319,814353
"2498","PA14_31180",370,814354,814723
"2499","PA14_31190",687,814724,815410
"2500","PA14_31200",276,815411,815686
"2501","PA14_31220",92,815687,815778
"2502","PA14_31230",175,815779,815953
"2503","PA14_31240",436,815954,816389
"2504","PA14_31250",130,816390,816519
"2505","PA14_31260",168,816520,816687
"2506","PA14_31270",387,816688,817074
"2507","PA14_31280",401,817075,817475
"2508","PA14_31290",122,817476,817597
"2509","PA14_31300",113,817598,817710
"2510","PA14_31310",135,817711,817845
"2511","PA14_31330",531,817846,818376
"2512","PA14_31340",118,818377,818494
"2513","PA14_31350",345,818495,818839
"2514","PA14_31360",141,818840,818980
"2515","PA14_31370",275,818981,819255
"2516","PA14_31380",495,819256,819750
"2517","PA14_31390",170,819751,819920
"2518","PA14_31400",575,819921,820495
"2519","PA14_31420",95,820496,820590
"2520","PA14_31430",76,820591,820666
"2521","PA14_31440",180,820667,820846
"2522","PA14_31450",48,820847,820894
"2523","PA14_31460",230,820895,821124
"2524","PA14_31470",564,821125,821688
"2525","PA14_31480",361,821689,822049
"2526","PA14_31500",555,822050,822604
"2527","PA14_31510",255,822605,822859
"2528","PA14_31530",465,822860,823324
"2529","PA14_31540",375,823325,823699
"2530","PA14_31560",310,823700,824009
"2531","PA14_31580",409,824010,824418
"2532","PA14_31610",347,824419,824765
"2533","PA14_31620",464,824766,825229
"2534","PA14_31630",356,825230,825585
"2535","PA14_31640",143,825586,825728
"2536","PA14_31650",270,825729,825998
"2537","PA14_31660",237,825999,826235
"2538","PA14_31680",579,826236,826814
"2539","PA14_31690",1334,826815,828148
"2540","PA14_31700",211,828149,828359
"2541","PA14_31720",640,828360,828999
"2542","PA14_31730",437,829000,829436
"2543","PA14_31740",150,829437,829586
"2544","PA14_31750",209,829587,829795
"2545","PA14_31760",311,829796,830106
"2546","PA14_31770",331,830107,830437
"2547","PA14_31780",303,830438,830740
"2548","PA14_31800",466,830741,831206
"2549","PA14_31810",165,831207,831371
"2550","PA14_31820",374,831372,831745
"2551","PA14_31840",441,831746,832186
"2552","PA14_31850",477,832187,832663
"2553","PA14_31870",426,832664,833089
"2554","PA14_31890",1148,833090,834237
"2555","PA14_31900",1036,834238,835273
"2556","PA14_31920",499,835274,835772
"2557","PA14_31930",126,835773,835898
"2558","PA14_31950",472,835899,836370
"2559","PA14_31960",224,836371,836594
"2560","PA14_31970",428,836595,837022
"2561","PA14_31990",484,837023,837506
"2562","PA14_32060",318,837507,837824
"2563","PA14_32080",455,837825,838279
"2564","PA14_32100",162,838280,838441
"2565","PA14_32110",337,838442,838778
"2566","PA14_32130",253,838779,839031
"2567","PA14_32140",340,839032,839371
"2568","PA14_32150",163,839372,839534
"2569","PA14_32160",476,839535,840010
"2570","PA14_32190",353,840011,840363
"2571","PA14_32200",290,840364,840653
"2572","PA14_32220",373,840654,841026
"2573","PA14_32230",96,841027,841122
"2574","PA14_32240",332,841123,841454
"2575","PA14_32250",72,841455,841526
"2576","PA14_32270",451,841527,841977
"2577","PA14_32280",205,841978,842182
"2578","PA14_32290",437,842183,842619
"2579","PA14_32300",499,842620,843118
"2580","PA14_32310",55,843119,843173
"2581","PA14_32330",408,843174,843581
"2582","PA14_32340",151,843582,843732
"2583","PA14_32350",210,843733,843942
"2584","PA14_32360",295,843943,844237
"2585","PA14_32370",171,844238,844408
"2586","PA14_32380",513,844409,844921
"2587","PA14_32390",1070,844922,845991
"2588","PA14_32400",452,845992,846443
"2589","PA14_32410",339,846444,846782
"2590","PA14_32420",344,846783,847126
"2591","PA14_32440",124,847127,847250
"2592","PA14_32450",271,847251,847521
"2593","PA14_32460",255,847522,847776
"2594","PA14_32470",90,847777,847866
"2595","PA14_32480",64,847867,847930
"2596","PA14_32490",92,847931,848022
"2597","PA14_32500",204,848023,848226
"2598","PA14_32520",333,848227,848559
"2599","PA14_32530",217,848560,848776
"2600","PA14_32540",293,848777,849069
"2601","PA14_32570",440,849070,849509
"2602","PA14_32580",252,849510,849761
"2603","PA14_32590",589,849762,850350
"2604","PA14_32600",278,850351,850628
"2605","PA14_32610",256,850629,850884
"2606","PA14_32630",444,850885,851328
"2607","PA14_32640",303,851329,851631
"2608","PA14_32650",214,851632,851845
"2609","PA14_32660",514,851846,852359
"2610","PA14_32670",232,852360,852591
"2611","PA14_32690",389,852592,852980
"2612","PA14_32700",304,852981,853284
"2613","PA14_32710",172,853285,853456
"2614","PA14_32720",328,853457,853784
"2615","PA14_32740",820,853785,854604
"2616","PA14_32750",382,854605,854986
"2617","PA14_32770",176,854987,855162
"2618","PA14_32780",565,855163,855727
"2619","PA14_32790",6091,855728,861818
"2620","PA14_32810",103,861819,861921
"2621","PA14_32820",195,861922,862116
"2622","PA14_32830",889,862117,863005
"2623","PA14_32840",317,863006,863322
"2624","PA14_32850",338,863323,863660
"2625","PA14_32860",178,863661,863838
"2626","PA14_32880",283,863839,864121
"2627","PA14_32890",73,864122,864194
"2628","PA14_32905",526,864195,864720
"2629","PA14_32930",305,864721,865025
"2630","PA14_32940",535,865026,865560
"2631","PA14_32950",580,865561,866140
"2632","PA14_32970",308,866141,866448
"2633","PA14_32985",127,866449,866575
"2634","PA14_33000",959,866576,867534
"2635","PA14_33010",655,867535,868189
"2636","PA14_33030",464,868190,868653
"2637","PA14_33040",373,868654,869026
"2638","PA14_33050",291,869027,869317
"2639","PA14_33060",324,869318,869641
"2640","PA14_33070",666,869642,870307
"2641","PA14_33080",367,870308,870674
"2642","PA14_33110",346,870675,871020
"2643","PA14_33120",144,871021,871164
"2644","PA14_33130",661,871165,871825
"2645","PA14_33150",197,871826,872022
"2646","PA14_33160",89,872023,872111
"2647","PA14_33170",304,872112,872415
"2648","PA14_33190",788,872416,873203
"2649","PA14_33200",69,873204,873272
"2650","PA14_33220",334,873273,873606
"2651","PA14_33230",81,873607,873687
"2652","PA14_33240",304,873688,873991
"2653","PA14_33250",155,873992,874146
"2654","PA14_33260",187,874147,874333
"2655","PA14_33270",254,874334,874587
"2656","PA14_33280",4691,874588,879278
"2657","PA14_33290",251,879279,879529
"2658","PA14_33300",167,879530,879696
"2659","PA14_33310",342,879697,880038
"2660","PA14_33320",327,880039,880365
"2661","PA14_33330",493,880366,880858
"2662","PA14_33340",1076,880859,881934
"2663","PA14_33350",324,881935,882258
"2664","PA14_33360",465,882259,882723
"2665","PA14_33370",104,882724,882827
"2666","PA14_33380",347,882828,883174
"2667","PA14_33410",472,883175,883646
"2668","PA14_33420",226,883647,883872
"2669","PA14_33430",317,883873,884189
"2670","PA14_33440",318,884190,884507
"2671","PA14_33450",547,884508,885054
"2672","PA14_33460",141,885055,885195
"2673","PA14_33480",439,885196,885634
"2674","PA14_33500",481,885635,886115
"2675","PA14_33510",72,886116,886187
"2676","PA14_33520",275,886188,886462
"2677","PA14_33530",321,886463,886783
"2678","PA14_33540",301,886784,887084
"2679","PA14_33550",251,887085,887335
"2680","PA14_33560",317,887336,887652
"2681","PA14_33570",186,887653,887838
"2682","PA14_33580",109,887839,887947
"2683","PA14_33590",179,887948,888126
"2684","PA14_33600",420,888127,888546
"2685","PA14_33610",5302,888547,893848
"2686","PA14_33630",2189,893849,896037
"2687","PA14_33650",2500,896038,898537
"2688","PA14_33680",815,898538,899352
"2689","PA14_33690",559,899353,899911
"2690","PA14_33700",275,899912,900186
"2691","PA14_33710",309,900187,900495
"2692","PA14_33720",427,900496,900922
"2693","PA14_33730",449,900923,901371
"2694","PA14_33740",548,901372,901919
"2695","PA14_33750",495,901920,902414
"2696","PA14_33760",663,902415,903077
"2697","PA14_33770",431,903078,903508
"2698","PA14_33780",353,903509,903861
"2699","PA14_33800",159,903862,904020
"2700","PA14_33810",443,904021,904463
"2701","PA14_33820",762,904464,905225
"2702","PA14_33830",107,905226,905332
"2703","PA14_33840",306,905333,905638
"2704","PA14_33860",383,905639,906021
"2705","PA14_33870",80,906022,906101
"2706","PA14_33880",78,906102,906179
"2707","PA14_33890",156,906180,906335
"2708","PA14_33900",771,906336,907106
"2709","PA14_33910",426,907107,907532
"2710","PA14_33920",213,907533,907745
"2711","PA14_33930",131,907746,907876
"2712","PA14_33940",178,907877,908054
"2713","PA14_33960",699,908055,908753
"2714","PA14_33970",355,908754,909108
"2715","PA14_33980",177,909109,909285
"2716","PA14_33990",849,909286,910134
"2717","PA14_34000",363,910135,910497
"2718","PA14_34010",597,910498,911094
"2719","PA14_34020",141,911095,911235
"2720","PA14_34030",165,911236,911400
"2721","PA14_34050",494,911401,911894
"2722","PA14_34070",181,911895,912075
"2723","PA14_34080",158,912076,912233
"2724","PA14_34100",449,912234,912682
"2725","PA14_34110",253,912683,912935
"2726","PA14_34130",1402,912936,914337
"2727","PA14_34140",408,914338,914745
"2728","PA14_34150",361,914746,915106
"2729","PA14_34170",139,915107,915245
"2730","PA14_34180",186,915246,915431
"2731","PA14_34190",433,915432,915864
"2732","PA14_34200",394,915865,916258
"2733","PA14_34210",379,916259,916637
"2734","PA14_34230",384,916638,917021
"2735","PA14_34250",380,917022,917401
"2736","PA14_34260",217,917402,917618
"2737","PA14_34270",369,917619,917987
"2738","PA14_34280",264,917988,918251
"2739","PA14_34290",462,918252,918713
"2740","PA14_34300",407,918714,919120
"2741","PA14_34320",411,919121,919531
"2742","PA14_34330",411,919532,919942
"2743","PA14_34340",321,919943,920263
"2744","PA14_34350",537,920264,920800
"2745","PA14_34360",491,920801,921291
"2746","PA14_34370",370,921292,921661
"2747","PA14_34390",277,921662,921938
"2748","PA14_34410",310,921939,922248
"2749","PA14_34420",436,922249,922684
"2750","PA14_34440",301,922685,922985
"2751","PA14_34450",310,922986,923295
"2752","PA14_34460",186,923296,923481
"2753","PA14_34490",361,923482,923842
"2754","PA14_34500",278,923843,924120
"2755","PA14_34510",399,924121,924519
"2756","PA14_34520",268,924520,924787
"2757","PA14_34540",469,924788,925256
"2758","PA14_34550",411,925257,925667
"2759","PA14_34580",419,925668,926086
"2760","PA14_34600",541,926087,926627
"2761","PA14_34610",47,926628,926674
"2762","PA14_34630",450,926675,927124
"2763","PA14_34640",178,927125,927302
"2764","PA14_34660",343,927303,927645
"2765","PA14_34670",121,927646,927766
"2766","PA14_34680",481,927767,928247
"2767","PA14_34690",297,928248,928544
"2768","PA14_34700",391,928545,928935
"2769","PA14_34710",456,928936,929391
"2770","PA14_34720",306,929392,929697
"2771","PA14_34730",196,929698,929893
"2772","PA14_34740",52,929894,929945
"2773","PA14_34750",296,929946,930241
"2774","PA14_34770",340,930242,930581
"2775","PA14_34780",285,930582,930866
"2776","PA14_34790",288,930867,931154
"2777","PA14_34800",205,931155,931359
"2778","PA14_34810",1393,931360,932752
"2779","PA14_34820",438,932753,933190
"2780","PA14_34830",339,933191,933529
"2781","PA14_34840",2331,933530,935860
"2782","PA14_34850",180,935861,936040
"2783","PA14_34870",556,936041,936596
"2784","PA14_34880",250,936597,936846
"2785","PA14_34900",693,936847,937539
"2786","PA14_34920",81,937540,937620
"2787","PA14_34930",321,937621,937941
"2788","PA14_34940",93,937942,938034
"2789","PA14_34960",488,938035,938522
"2790","PA14_34970",811,938523,939333
"2791","PA14_34990",710,939334,940043
"2792","PA14_35000",95,940044,940138
"2793","PA14_35010",215,940139,940353
"2794","PA14_35020",514,940354,940867
"2795","PA14_35030",220,940868,941087
"2796","PA14_35040",223,941088,941310
"2797","PA14_35050",547,941311,941857
"2798","PA14_35060",158,941858,942015
"2799","PA14_35070",311,942016,942326
"2800","PA14_35080",230,942327,942556
"2801","PA14_35100",156,942557,942712
"2802","PA14_35110",427,942713,943139
"2803","PA14_35130",116,943140,943255
"2804","PA14_35140",296,943256,943551
"2805","PA14_35150",353,943552,943904
"2806","PA14_35160",125,943905,944029
"2807","PA14_35170",156,944030,944185
"2808","PA14_35190",565,944186,944750
"2809","PA14_35200",171,944751,944921
"2810","PA14_35210",198,944922,945119
"2811","PA14_35230",401,945120,945520
"2812","PA14_35240",420,945521,945940
"2813","PA14_35250",298,945941,946238
"2814","PA14_35270",439,946239,946677
"2815","PA14_35290",591,946678,947268
"2816","PA14_35300",238,947269,947506
"2817","PA14_35320",331,947507,947837
"2818","PA14_35330",435,947838,948272
"2819","PA14_35340",316,948273,948588
"2820","PA14_35360",260,948589,948848
"2821","PA14_35370",350,948849,949198
"2822","PA14_35380",312,949199,949510
"2823","PA14_35390",215,949511,949725
"2824","PA14_35400",500,949726,950225
"2825","PA14_35420",291,950226,950516
"2826","PA14_35430",328,950517,950844
"2827","PA14_35440",351,950845,951195
"2828","PA14_35460",481,951196,951676
"2829","PA14_35470",275,951677,951951
"2830","PA14_35490",466,951952,952417
"2831","PA14_35500",495,952418,952912
"2832","PA14_35520",350,952913,953262
"2833","PA14_35530",410,953263,953672
"2834","PA14_35540",153,953673,953825
"2835","PA14_35550",101,953826,953926
"2836","PA14_35570",333,953927,954259
"2837","PA14_35590",577,954260,954836
"2838","PA14_35600",355,954837,955191
"2839","PA14_35620",469,955192,955660
"2840","PA14_35630",478,955661,956138
"2841","PA14_35640",367,956139,956505
"2842","PA14_35650",402,956506,956907
"2843","PA14_35670",442,956908,957349
"2844","PA14_35680",448,957350,957797
"2845","PA14_35690",662,957798,958459
"2846","PA14_35700",234,958460,958693
"2847","PA14_35710",114,958694,958807
"2848","PA14_35720",133,958808,958940
"2849","PA14_35730",124,958941,959064
"2850","PA14_35740",1004,959065,960068
"2851","PA14_35750",120,960069,960188
"2852","PA14_35760",154,960189,960342
"2853","PA14_35770",301,960343,960643
"2854","PA14_35780",242,960644,960885
"2855","PA14_35790",469,960886,961354
"2856","PA14_35800",438,961355,961792
"2857","PA14_35810",236,961793,962028
"2858","PA14_35820",323,962029,962351
"2859","PA14_35830",332,962352,962683
"2860","PA14_35840",214,962684,962897
"2861","PA14_35850",159,962898,963056
"2862","PA14_35860",434,963057,963490
"2863","PA14_35880",474,963491,963964
"2864","PA14_35890",447,963965,964411
"2865","PA14_35900",306,964412,964717
"2866","PA14_35920",552,964718,965269
"2867","PA14_35930",32,965270,965301
"2868","PA14_35940",548,965302,965849
"2869","PA14_35950",255,965850,966104
"2870","PA14_35970",390,966105,966494
"2871","PA14_35980",118,966495,966612
"2872","PA14_35990",398,966613,967010
"2873","PA14_36000",473,967011,967483
"2874","PA14_36010",167,967484,967650
"2875","PA14_36020",774,967651,968424
"2876","PA14_36030",206,968425,968630
"2877","PA14_36050",633,968631,969263
"2878","PA14_36060",331,969264,969594
"2879","PA14_36070",391,969595,969985
"2880","PA14_36080",440,969986,970425
"2881","PA14_36090",416,970426,970841
"2882","PA14_36100",337,970842,971178
"2883","PA14_36110",319,971179,971497
"2884","PA14_36120",441,971498,971938
"2885","PA14_36130",365,971939,972303
"2886","PA14_36150",176,972304,972479
"2887","PA14_36170",589,972480,973068
"2888","PA14_36180",315,973069,973383
"2889","PA14_36190",158,973384,973541
"2890","PA14_36200",268,973542,973809
"2891","PA14_36220",276,973810,974085
"2892","PA14_36230",225,974086,974310
"2893","PA14_36250",294,974311,974604
"2894","PA14_36260",591,974605,975195
"2895","PA14_36270",353,975196,975548
"2896","PA14_36280",114,975549,975662
"2897","PA14_36290",345,975663,976007
"2898","PA14_36300",194,976008,976201
"2899","PA14_36310",417,976202,976618
"2900","PA14_36320",464,976619,977082
"2901","PA14_36330",104,977083,977186
"2902","PA14_36345",418,977187,977604
"2903","PA14_36350",184,977605,977788
"2904","PA14_36360",141,977789,977929
"2905","PA14_36370",410,977930,978339
"2906","PA14_36375",482,978340,978821
"2907","PA14_36390",316,978822,979137
"2908","PA14_36400",118,979138,979255
"2909","PA14_36410",202,979256,979457
"2910","PA14_36420",699,979458,980156
"2911","PA14_36450",196,980157,980352
"2912","PA14_36460",115,980353,980467
"2913","PA14_36470",102,980468,980569
"2914","PA14_36480",73,980570,980642
"2915","PA14_36490",116,980643,980758
"2916","PA14_36500",449,980759,981207
"2917","PA14_36520",156,981208,981363
"2918","PA14_36530",150,981364,981513
"2919","PA14_36540",258,981514,981771
"2920","PA14_36550",365,981772,982136
"2921","PA14_36560",121,982137,982257
"2922","PA14_36570",515,982258,982772
"2923","PA14_36580",583,982773,983355
"2924","PA14_36590",684,983356,984039
"2925","PA14_36605",1013,984040,985052
"2926","PA14_36620",101,985053,985153
"2927","PA14_36630",716,985154,985869
"2928","PA14_36650",138,985870,986007
"2929","PA14_36660",415,986008,986422
"2930","PA14_36670",314,986423,986736
"2931","PA14_36680",269,986737,987005
"2932","PA14_36690",401,987006,987406
"2933","PA14_36700",331,987407,987737
"2934","PA14_36710",806,987738,988543
"2935","PA14_36730",1100,988544,989643
"2936","PA14_36740",664,989644,990307
"2937","PA14_36760",293,990308,990600
"2938","PA14_36770",80,990601,990680
"2939","PA14_36780",163,990681,990843
"2940","PA14_36790",44,990844,990887
"2941","PA14_36810",709,990888,991596
"2942","PA14_36820",55,991597,991651
"2943","PA14_36830",132,991652,991783
"2944","PA14_36840",812,991784,992595
"2945","PA14_36850",97,992596,992692
"2946","PA14_36860",65,992693,992757
"2947","PA14_36870",286,992758,993043
"2948","PA14_36880",173,993044,993216
"2949","PA14_36890",79,993217,993295
"2950","PA14_36900",71,993296,993366
"2951","PA14_36910",901,993367,994267
"2952","PA14_36920",178,994268,994445
"2953","PA14_36930",183,994446,994628
"2954","PA14_36940",150,994629,994778
"2955","PA14_36960",477,994779,995255
"2956","PA14_36980",190,995256,995445
"2957","PA14_36990",285,995446,995730
"2958","PA14_37000",242,995731,995972
"2959","PA14_37010",492,995973,996464
"2960","PA14_37030",872,996465,997336
"2961","PA14_37040",248,997337,997584
"2962","PA14_37060",202,997585,997786
"2963","PA14_37070",408,997787,998194
"2964","PA14_37080",211,998195,998405
"2965","PA14_37090",482,998406,998887
"2966","PA14_37100",602,998888,999489
"2967","PA14_37120",341,999490,999830
"2968","PA14_37130",378,999831,1000208
"2969","PA14_37140",301,1000209,1000509
"2970","PA14_37150",142,1000510,1000651
"2971","PA14_37170",370,1000652,1001021
"2972","PA14_37190",358,1001022,1001379
"2973","PA14_37200",327,1001380,1001706
"2974","PA14_37210",265,1001707,1001971
"2975","PA14_37220",317,1001972,1002288
"2976","PA14_37250",423,1002289,1002711
"2977","PA14_37260",508,1002712,1003219
"2978","PA14_37270",247,1003220,1003466
"2979","PA14_37290",237,1003467,1003703
"2980","PA14_37310",320,1003704,1004023
"2981","PA14_37320",158,1004024,1004181
"2982","PA14_37340",694,1004182,1004875
"2983","PA14_37350",132,1004876,1005007
"2984","PA14_37360",252,1005008,1005259
"2985","PA14_37370",377,1005260,1005636
"2986","PA14_37380",570,1005637,1006206
"2987","PA14_37400",359,1006207,1006565
"2988","PA14_37410",281,1006566,1006846
"2989","PA14_37420",356,1006847,1007202
"2990","PA14_37430",169,1007203,1007371
"2991","PA14_37440",398,1007372,1007769
"2992","PA14_37460",427,1007770,1008196
"2993","PA14_37470",359,1008197,1008555
"2994","PA14_37490",907,1008556,1009462
"2995","PA14_37510",282,1009463,1009744
"2996","PA14_37520",218,1009745,1009962
"2997","PA14_37530",300,1009963,1010262
"2998","PA14_37550",169,1010263,1010431
"2999","PA14_37560",676,1010432,1011107
"3000","PA14_37570",424,1011108,1011531
"3001","PA14_37580",158,1011532,1011689
"3002","PA14_37590",213,1011690,1011902
"3003","PA14_37610",416,1011903,1012318
"3004","PA14_37630",493,1012319,1012811
"3005","PA14_37640",624,1012812,1013435
"3006","PA14_37650",634,1013436,1014069
"3007","PA14_37660",304,1014070,1014373
"3008","PA14_37670",100,1014374,1014473
"3009","PA14_37680",555,1014474,1015028
"3010","PA14_37690",864,1015029,1015892
"3011","PA14_37710",741,1015893,1016633
"3012","PA14_37730",880,1016634,1017513
"3013","PA14_37745",574,1017514,1018087
"3014","PA14_37760",387,1018088,1018474
"3015","PA14_37770",222,1018475,1018696
"3016","PA14_37780",212,1018697,1018908
"3017","PA14_37790",614,1018909,1019522
"3018","PA14_37810",370,1019523,1019892
"3019","PA14_37820",407,1019893,1020299
"3020","PA14_37830",393,1020300,1020692
"3021","PA14_37840",616,1020693,1021308
"3022","PA14_37850",338,1021309,1021646
"3023","PA14_37870",395,1021647,1022041
"3024","PA14_37880",641,1022042,1022682
"3025","PA14_37900",847,1022683,1023529
"3026","PA14_37910",300,1023530,1023829
"3027","PA14_37915",471,1023830,1024300
"3028","PA14_37940",295,1024301,1024595
"3029","PA14_37950",220,1024596,1024815
"3030","PA14_37965",156,1024816,1024971
"3031","PA14_37980",317,1024972,1025288
"3032","PA14_37990",168,1025289,1025456
"3033","PA14_38000",156,1025457,1025612
"3034","PA14_38010",477,1025613,1026089
"3035","PA14_38020",135,1026090,1026224
"3036","PA14_38040",329,1026225,1026553
"3037","PA14_38050",135,1026554,1026688
"3038","PA14_38060",86,1026689,1026774
"3039","PA14_38080",651,1026775,1027425
"3040","PA14_38090",300,1027426,1027725
"3041","PA14_38110",409,1027726,1028134
"3042","PA14_38130",456,1028135,1028590
"3043","PA14_38140",470,1028591,1029060
"3044","PA14_38160",252,1029061,1029312
"3045","PA14_38170",104,1029313,1029416
"3046","PA14_38180",486,1029417,1029902
"3047","PA14_38190",173,1029903,1030075
"3048","PA14_38200",552,1030076,1030627
"3049","PA14_38210",224,1030628,1030851
"3050","PA14_38220",315,1030852,1031166
"3051","PA14_38250",474,1031167,1031640
"3052","PA14_38260",84,1031641,1031724
"3053","PA14_38270",85,1031725,1031809
"3054","PA14_38290",99,1031810,1031908
"3055","PA14_38300",157,1031909,1032065
"3056","PA14_38310",130,1032066,1032195
"3057","PA14_38320",333,1032196,1032528
"3058","PA14_38330",451,1032529,1032979
"3059","PA14_38340",140,1032980,1033119
"3060","PA14_38350",279,1033120,1033398
"3061","PA14_38360",509,1033399,1033907
"3062","PA14_38370",74,1033908,1033981
"3063","PA14_38380",216,1033982,1034197
"3064","PA14_38395",396,1034198,1034593
"3065","PA14_38410",1171,1034594,1035764
"3066","PA14_38420",309,1035765,1036073
"3067","PA14_38430",134,1036074,1036207
"3068","PA14_38440",387,1036208,1036594
"3069","PA14_38460",535,1036595,1037129
"3070","PA14_38470",265,1037130,1037394
"3071","PA14_38480",720,1037395,1038114
"3072","PA14_38490",300,1038115,1038414
"3073","PA14_38500",267,1038415,1038681
"3074","PA14_38510",432,1038682,1039113
"3075","PA14_38530",432,1039114,1039545
"3076","PA14_38550",229,1039546,1039774
"3077","PA14_38560",450,1039775,1040224
"3078","PA14_38570",456,1040225,1040680
"3079","PA14_38580",463,1040681,1041143
"3080","PA14_38590",274,1041144,1041417
"3081","PA14_38610",474,1041418,1041891
"3082","PA14_38630",393,1041892,1042284
"3083","PA14_38640",218,1042285,1042502
"3084","PA14_38660",232,1042503,1042734
"3085","PA14_38680",315,1042735,1043049
"3086","PA14_38690",651,1043050,1043700
"3087","PA14_38700",92,1043701,1043792
"3088","PA14_38710",118,1043793,1043910
"3089","PA14_38720",187,1043911,1044097
"3090","PA14_38730",402,1044098,1044499
"3091","PA14_38740",594,1044500,1045093
"3092","PA14_38750",387,1045094,1045480
"3093","PA14_38770",634,1045481,1046114
"3094","PA14_38780",381,1046115,1046495
"3095","PA14_38790",92,1046496,1046587
"3096","PA14_38800",250,1046588,1046837
"3097","PA14_38820",304,1046838,1047141
"3098","PA14_38825",23,1047142,1047164
"3099","PA14_38840",506,1047165,1047670
"3100","PA14_38850",155,1047671,1047825
"3101","PA14_38860",623,1047826,1048448
"3102","PA14_38880",222,1048449,1048670
"3103","PA14_38900",225,1048671,1048895
"3104","PA14_38910",216,1048896,1049111
"3105","PA14_38920",58,1049112,1049169
"3106","PA14_38930",221,1049170,1049390
"3107","PA14_38950",290,1049391,1049680
"3108","PA14_38970",895,1049681,1050575
"3109","PA14_38990",387,1050576,1050962
"3110","PA14_39000",399,1050963,1051361
"3111","PA14_39010",824,1051362,1052185
"3112","PA14_39020",567,1052186,1052752
"3113","PA14_39050",437,1052753,1053189
"3114","PA14_39060",79,1053190,1053268
"3115","PA14_39070",130,1053269,1053398
"3116","PA14_39080",77,1053399,1053475
"3117","PA14_39090",166,1053476,1053641
"3118","PA14_39100",123,1053642,1053764
"3119","PA14_39110",111,1053765,1053875
"3120","PA14_39130",521,1053876,1054396
"3121","PA14_39140",88,1054397,1054484
"3122","PA14_39150",202,1054485,1054686
"3123","PA14_39160",311,1054687,1054997
"3124","PA14_39180",144,1054998,1055141
"3125","PA14_39190",277,1055142,1055418
"3126","PA14_39200",191,1055419,1055609
"3127","PA14_39210",175,1055610,1055784
"3128","PA14_39220",163,1055785,1055947
"3129","PA14_39230",189,1055948,1056136
"3130","PA14_39240",340,1056137,1056476
"3131","PA14_39250",226,1056477,1056702
"3132","PA14_39260",250,1056703,1056952
"3133","PA14_39270",421,1056953,1057373
"3134","PA14_39280",341,1057374,1057714
"3135","PA14_39300",337,1057715,1058051
"3136","PA14_39320",332,1058052,1058383
"3137","PA14_39330",510,1058384,1058893
"3138","PA14_39350",348,1058894,1059241
"3139","PA14_39360",467,1059242,1059708
"3140","PA14_39390",495,1059709,1060203
"3141","PA14_39410",365,1060204,1060568
"3142","PA14_39420",76,1060569,1060644
"3143","PA14_39440",631,1060645,1061275
"3144","PA14_39460",379,1061276,1061654
"3145","PA14_39470",258,1061655,1061912
"3146","PA14_39480",717,1061913,1062629
"3147","PA14_39500",126,1062630,1062755
"3148","PA14_39520",735,1062756,1063490
"3149","PA14_39530",329,1063491,1063819
"3150","PA14_39540",170,1063820,1063989
"3151","PA14_39560",431,1063990,1064420
"3152","PA14_39570",98,1064421,1064518
"3153","PA14_39580",189,1064519,1064707
"3154","PA14_39590",766,1064708,1065473
"3155","PA14_39610",616,1065474,1066089
"3156","PA14_39620",108,1066090,1066197
"3157","PA14_39630",158,1066198,1066355
"3158","PA14_39640",1406,1066356,1067761
"3159","PA14_39650",715,1067762,1068476
"3160","PA14_39660",269,1068477,1068745
"3161","PA14_39670",40,1068746,1068785
"3162","PA14_39690",675,1068786,1069460
"3163","PA14_39700",48,1069461,1069508
"3164","PA14_39710",232,1069509,1069740
"3165","PA14_39720",466,1069741,1070206
"3166","PA14_39730",115,1070207,1070321
"3167","PA14_39750",410,1070322,1070731
"3168","PA14_39770",558,1070732,1071289
"3169","PA14_39780",408,1071290,1071697
"3170","PA14_39790",226,1071698,1071923
"3171","PA14_39800",168,1071924,1072091
"3172","PA14_39810",316,1072092,1072407
"3173","PA14_39820",880,1072408,1073287
"3174","PA14_39830",383,1073288,1073670
"3175","PA14_39850",461,1073671,1074131
"3176","PA14_39860",589,1074132,1074720
"3177","PA14_39870",178,1074721,1074898
"3178","PA14_39880",215,1074899,1075113
"3179","PA14_39910",627,1075114,1075740
"3180","PA14_39925",207,1075741,1075947
"3181","PA14_39945",405,1075948,1076352
"3182","PA14_39960",162,1076353,1076514
"3183","PA14_39970",162,1076515,1076676
"3184","PA14_39980",237,1076677,1076913
"3185","PA14_39990",255,1076914,1077168
"3186","PA14_40010",389,1077169,1077557
"3187","PA14_40020",433,1077558,1077990
"3188","PA14_40030",230,1077991,1078220
"3189","PA14_40040",994,1078221,1079214
"3190","PA14_40050",245,1079215,1079459
"3191","PA14_40060",130,1079460,1079589
"3192","PA14_40070",208,1079590,1079797
"3193","PA14_40080",342,1079798,1080139
"3194","PA14_40100",469,1080140,1080608
"3195","PA14_40110",222,1080609,1080830
"3196","PA14_40120",787,1080831,1081617
"3197","PA14_40130",196,1081618,1081813
"3198","PA14_40150",183,1081814,1081996
"3199","PA14_40160",132,1081997,1082128
"3200","PA14_40170",107,1082129,1082235
"3201","PA14_40180",153,1082236,1082388
"3202","PA14_40200",731,1082389,1083119
"3203","PA14_40210",184,1083120,1083303
"3204","PA14_40220",192,1083304,1083495
"3205","PA14_40230",395,1083496,1083890
"3206","PA14_40240",723,1083891,1084613
"3207","PA14_40250",425,1084614,1085038
"3208","PA14_40260",3463,1085039,1088501
"3209","PA14_40270",416,1088502,1088917
"3210","PA14_40280",277,1088918,1089194
"3211","PA14_40290",418,1089195,1089612
"3212","PA14_40300",144,1089613,1089756
"3213","PA14_40310",79,1089757,1089835
"3214","PA14_40320",776,1089836,1090611
"3215","PA14_40330",175,1090612,1090786
"3216","PA14_40340",69,1090787,1090855
"3217","PA14_40350",759,1090856,1091614
"3218","PA14_40370",559,1091615,1092173
"3219","PA14_40380",216,1092174,1092389
"3220","PA14_40390",251,1092390,1092640
"3221","PA14_40410",228,1092641,1092868
"3222","PA14_40420",361,1092869,1093229
"3223","PA14_40430",275,1093230,1093504
"3224","PA14_40440",295,1093505,1093799
"3225","PA14_40450",273,1093800,1094072
"3226","PA14_40470",484,1094073,1094556
"3227","PA14_40490",307,1094557,1094863
"3228","PA14_40510",520,1094864,1095383
"3229","PA14_40520",75,1095384,1095458
"3230","PA14_40540",385,1095459,1095843
"3231","PA14_40550",287,1095844,1096130
"3232","PA14_40560",91,1096131,1096221
"3233","PA14_40570",410,1096222,1096631
"3234","PA14_40600",334,1096632,1096965
"3235","PA14_40610",80,1096966,1097045
"3236","PA14_40620",389,1097046,1097434
"3237","PA14_40630",194,1097435,1097628
"3238","PA14_40640",895,1097629,1098523
"3239","PA14_40650",172,1098524,1098695
"3240","PA14_40660",154,1098696,1098849
"3241","PA14_40670",1234,1098850,1100083
"3242","PA14_40690",120,1100084,1100203
"3243","PA14_40700",165,1100204,1100368
"3244","PA14_40710",120,1100369,1100488
"3245","PA14_40730",346,1100489,1100834
"3246","PA14_40740",75,1100835,1100909
"3247","PA14_40750",51,1100910,1100960
"3248","PA14_40770",554,1100961,1101514
"3249","PA14_40780",165,1101515,1101679
"3250","PA14_40790",193,1101680,1101872
"3251","PA14_40800",145,1101873,1102017
"3252","PA14_40820",291,1102018,1102308
"3253","PA14_40830",350,1102309,1102658
"3254","PA14_40840",341,1102659,1102999
"3255","PA14_40850",236,1103000,1103235
"3256","PA14_40860",104,1103236,1103339
"3257","PA14_40880",372,1103340,1103711
"3258","PA14_40890",255,1103712,1103966
"3259","PA14_40900",274,1103967,1104240
"3260","PA14_40910",301,1104241,1104541
"3261","PA14_40930",214,1104542,1104755
"3262","PA14_40940",259,1104756,1105014
"3263","PA14_40950",278,1105015,1105292
"3264","PA14_40960",562,1105293,1105854
"3265","PA14_40980",270,1105855,1106124
"3266","PA14_41000",500,1106125,1106624
"3267","PA14_41010",451,1106625,1107075
"3268","PA14_41020",751,1107076,1107826
"3269","PA14_41030",129,1107827,1107955
"3270","PA14_41050",246,1107956,1108201
"3271","PA14_41060",148,1108202,1108349
"3272","PA14_41070",253,1108350,1108602
"3273","PA14_41080",160,1108603,1108762
"3274","PA14_41090",534,1108763,1109296
"3275","PA14_41110",609,1109297,1109905
"3276","PA14_41130",628,1109906,1110533
"3277","PA14_41140",360,1110534,1110893
"3278","PA14_41150",339,1110894,1111232
"3279","PA14_41160",536,1111233,1111768
"3280","PA14_41170",265,1111769,1112033
"3281","PA14_41190",621,1112034,1112654
"3282","PA14_41210",90,1112655,1112744
"3283","PA14_41220",798,1112745,1113542
"3284","PA14_41230",426,1113543,1113968
"3285","PA14_41240",213,1113969,1114181
"3286","PA14_41250",436,1114182,1114617
"3287","PA14_41260",235,1114618,1114852
"3288","PA14_41270",428,1114853,1115280
"3289","PA14_41280",668,1115281,1115948
"3290","PA14_41290",38,1115949,1115986
"3291","PA14_41300",73,1115987,1116059
"3292","PA14_41350",284,1116060,1116343
"3293","PA14_41360",460,1116344,1116803
"3294","PA14_41380",556,1116804,1117359
"3295","PA14_41390",165,1117360,1117524
"3296","PA14_41400",240,1117525,1117764
"3297","PA14_41420",445,1117765,1118209
"3298","PA14_41430",207,1118210,1118416
"3299","PA14_41440",287,1118417,1118703
"3300","PA14_41450",155,1118704,1118858
"3301","PA14_41470",869,1118859,1119727
"3302","PA14_41480",402,1119728,1120129
"3303","PA14_41490",192,1120130,1120321
"3304","PA14_41500",231,1120322,1120552
"3305","PA14_41510",403,1120553,1120955
"3306","PA14_41520",533,1120956,1121488
"3307","PA14_41530",830,1121489,1122318
"3308","PA14_41540",108,1122319,1122426
"3309","PA14_41560",973,1122427,1123399
"3310","PA14_41563",245,1123400,1123644
"3311","PA14_41570",350,1123645,1123994
"3312","PA14_41575",196,1123995,1124190
"3313","PA14_41590",274,1124191,1124464
"3314","PA14_41610",84,1124465,1124548
"3315","PA14_41630",332,1124549,1124880
"3316","PA14_41640",162,1124881,1125042
"3317","PA14_41650",347,1125043,1125389
"3318","PA14_41670",791,1125390,1126180
"3319","PA14_41680",274,1126181,1126454
"3320","PA14_41690",179,1126455,1126633
"3321","PA14_41710",510,1126634,1127143
"3322","PA14_41730",327,1127144,1127470
"3323","PA14_41740",395,1127471,1127865
"3324","PA14_41750",532,1127866,1128397
"3325","PA14_41760",359,1128398,1128756
"3326","PA14_41780",253,1128757,1129009
"3327","PA14_41790",145,1129010,1129154
"3328","PA14_41800",907,1129155,1130061
"3329","PA14_41810",939,1130062,1131000
"3330","PA14_41820",511,1131001,1131511
"3331","PA14_41830",227,1131512,1131738
"3332","PA14_41840",267,1131739,1132005
"3333","PA14_41860",115,1132006,1132120
"3334","PA14_41870",324,1132121,1132444
"3335","PA14_41880",165,1132445,1132609
"3336","PA14_41900",315,1132610,1132924
"3337","PA14_41910",125,1132925,1133049
"3338","PA14_41920",358,1133050,1133407
"3339","PA14_41930",166,1133408,1133573
"3340","PA14_41950",229,1133574,1133802
"3341","PA14_41960",62,1133803,1133864
"3342","PA14_41970",168,1133865,1134032
"3343","PA14_41980",162,1134033,1134194
"3344","PA14_41990",72,1134195,1134266
"3345","PA14_42000",79,1134267,1134345
"3346","PA14_42010",240,1134346,1134585
"3347","PA14_42020",130,1134586,1134715
"3348","PA14_42030",332,1134716,1135047
"3349","PA14_42050",323,1135048,1135370
"3350","PA14_42060",330,1135371,1135700
"3351","PA14_42080",714,1135701,1136414
"3352","PA14_42090",401,1136415,1136815
"3353","PA14_42100",295,1136816,1137110
"3354","PA14_42120",273,1137111,1137383
"3355","PA14_42130",245,1137384,1137628
"3356","PA14_42140",266,1137629,1137894
"3357","PA14_42150",317,1137895,1138211
"3358","PA14_42160",470,1138212,1138681
"3359","PA14_42180",228,1138682,1138909
"3360","PA14_42200",113,1138910,1139022
"3361","PA14_42220",685,1139023,1139707
"3362","PA14_42230",764,1139708,1140471
"3363","PA14_42250",214,1140472,1140685
"3364","PA14_42260",208,1140686,1140893
"3365","PA14_42270",248,1140894,1141141
"3366","PA14_42280",112,1141142,1141253
"3367","PA14_42290",152,1141254,1141405
"3368","PA14_42300",115,1141406,1141520
"3369","PA14_42310",85,1141521,1141605
"3370","PA14_42320",67,1141606,1141672
"3371","PA14_42340",432,1141673,1142104
"3372","PA14_42350",692,1142105,1142796
"3373","PA14_42360",145,1142797,1142941
"3374","PA14_42380",276,1142942,1143217
"3375","PA14_42390",298,1143218,1143515
"3376","PA14_42400",137,1143516,1143652
"3377","PA14_42410",88,1143653,1143740
"3378","PA14_42430",145,1143741,1143885
"3379","PA14_42440",295,1143886,1144180
"3380","PA14_42450",390,1144181,1144570
"3381","PA14_42460",168,1144571,1144738
"3382","PA14_42470",294,1144739,1145032
"3383","PA14_42480",98,1145033,1145130
"3384","PA14_42490",144,1145131,1145274
"3385","PA14_42500",706,1145275,1145980
"3386","PA14_42510",109,1145981,1146089
"3387","PA14_42520",121,1146090,1146210
"3388","PA14_42530",123,1146211,1146333
"3389","PA14_42540",92,1146334,1146425
"3390","PA14_42550",288,1146426,1146713
"3391","PA14_42570",475,1146714,1147188
"3392","PA14_42580",158,1147189,1147346
"3393","PA14_42600",393,1147347,1147739
"3394","PA14_42610",309,1147740,1148048
"3395","PA14_42620",217,1148049,1148265
"3396","PA14_42630",88,1148266,1148353
"3397","PA14_42640",262,1148354,1148615
"3398","PA14_42660",349,1148616,1148964
"3399","PA14_42670",700,1148965,1149664
"3400","PA14_42680",289,1149665,1149953
"3401","PA14_42690",286,1149954,1150239
"3402","PA14_42700",297,1150240,1150536
"3403","PA14_42710",63,1150537,1150599
"3404","PA14_42720",225,1150600,1150824
"3405","PA14_42730",181,1150825,1151005
"3406","PA14_42740",205,1151006,1151210
"3407","PA14_42750",383,1151211,1151593
"3408","PA14_42760",363,1151594,1151956
"3409","PA14_42770",327,1151957,1152283
"3410","PA14_42780",259,1152284,1152542
"3411","PA14_42790",304,1152543,1152846
"3412","PA14_42820",198,1152847,1153044
"3413","PA14_42830",106,1153045,1153150
"3414","PA14_42840",185,1153151,1153335
"3415","PA14_42850",181,1153336,1153516
"3416","PA14_42860",153,1153517,1153669
"3417","PA14_42870",126,1153670,1153795
"3418","PA14_42880",329,1153796,1154124
"3419","PA14_42890",242,1154125,1154366
"3420","PA14_42900",1221,1154367,1155587
"3421","PA14_42910",289,1155588,1155876
"3422","PA14_42920",443,1155877,1156319
"3423","PA14_42940",168,1156320,1156487
"3424","PA14_42950",434,1156488,1156921
"3425","PA14_42960",46,1156922,1156967
"3426","PA14_42970",503,1156968,1157470
"3427","PA14_42980",877,1157471,1158347
"3428","PA14_42990",335,1158348,1158682
"3429","PA14_43000",526,1158683,1159208
"3430","PA14_43020",135,1159209,1159343
"3431","PA14_43030",491,1159344,1159834
"3432","PA14_43040",168,1159835,1160002
"3433","PA14_43050",525,1160003,1160527
"3434","PA14_43070",172,1160528,1160699
"3435","PA14_43080",733,1160700,1161432
"3436","PA14_43090",246,1161433,1161678
"3437","PA14_43100",1614,1161679,1163292
"3438","PA14_43110",200,1163293,1163492
"3439","PA14_43130",388,1163493,1163880
"3440","PA14_43140",158,1163881,1164038
"3441","PA14_43150",211,1164039,1164249
"3442","PA14_43160",400,1164250,1164649
"3443","PA14_43170",327,1164650,1164976
"3444","PA14_43180",253,1164977,1165229
"3445","PA14_43190",334,1165230,1165563
"3446","PA14_43200",573,1165564,1166136
"3447","PA14_43220",652,1166137,1166788
"3448","PA14_43230",135,1166789,1166923
"3449","PA14_43240",213,1166924,1167136
"3450","PA14_43250",115,1167137,1167251
"3451","PA14_43270",369,1167252,1167620
"3452","PA14_43280",344,1167621,1167964
"3453","PA14_43290",92,1167965,1168056
"3454","PA14_43300",345,1168057,1168401
"3455","PA14_43310",201,1168402,1168602
"3456","PA14_43320",302,1168603,1168904
"3457","PA14_43340",230,1168905,1169134
"3458","PA14_43350",941,1169135,1170075
"3459","PA14_43370",183,1170076,1170258
"3460","PA14_43380",767,1170259,1171025
"3461","PA14_43400",564,1171026,1171589
"3462","PA14_43405",29,1171590,1171618
"3463","PA14_43420",384,1171619,1172002
"3464","PA14_43430",288,1172003,1172290
"3465","PA14_43440",261,1172291,1172551
"3466","PA14_43460",509,1172552,1173060
"3467","PA14_43480",215,1173061,1173275
"3468","PA14_43490",475,1173276,1173750
"3469","PA14_43510",355,1173751,1174105
"3470","PA14_43520",282,1174106,1174387
"3471","PA14_43530",220,1174388,1174607
"3472","PA14_43540",286,1174608,1174893
"3473","PA14_43550",270,1174894,1175163
"3474","PA14_43570",213,1175164,1175376
"3475","PA14_43580",275,1175377,1175651
"3476","PA14_43600",145,1175652,1175796
"3477","PA14_43610",610,1175797,1176406
"3478","PA14_43620",154,1176407,1176560
"3479","PA14_43630",113,1176561,1176673
"3480","PA14_43640",340,1176674,1177013
"3481","PA14_43650",705,1177014,1177718
"3482","PA14_43660",252,1177719,1177970
"3483","PA14_43670",698,1177971,1178668
"3484","PA14_43680",171,1178669,1178839
"3485","PA14_43690",405,1178840,1179244
"3486","PA14_43710",541,1179245,1179785
"3487","PA14_43720",146,1179786,1179931
"3488","PA14_43730",158,1179932,1180089
"3489","PA14_43740",344,1180090,1180433
"3490","PA14_43760",301,1180434,1180734
"3491","PA14_43770",145,1180735,1180879
"3492","PA14_43780",163,1180880,1181042
"3493","PA14_43790",774,1181043,1181816
"3494","PA14_43810",438,1181817,1182254
"3495","PA14_43820",260,1182255,1182514
"3496","PA14_43830",273,1182515,1182787
"3497","PA14_43840",241,1182788,1183028
"3498","PA14_43850",634,1183029,1183662
"3499","PA14_43870",413,1183663,1184075
"3500","PA14_43880",148,1184076,1184223
"3501","PA14_43890",157,1184224,1184380
"3502","PA14_43900",78,1184381,1184458
"3503","PA14_43910",254,1184459,1184712
"3504","PA14_43920",437,1184713,1185149
"3505","PA14_43940",295,1185150,1185444
"3506","PA14_43950",388,1185445,1185832
"3507","PA14_43970",484,1185833,1186316
"3508","PA14_44000",421,1186317,1186737
"3509","PA14_44010",943,1186738,1187680
"3510","PA14_44020",235,1187681,1187915
"3511","PA14_44030",590,1187916,1188505
"3512","PA14_44050",122,1188506,1188627
"3513","PA14_44060",128,1188628,1188755
"3514","PA14_44070",428,1188756,1189183
"3515","PA14_44080",202,1189184,1189385
"3516","PA14_44090",84,1189386,1189469
"3517","PA14_44100",251,1189470,1189720
"3518","PA14_44110",113,1189721,1189833
"3519","PA14_44120",288,1189834,1190121
"3520","PA14_44130",183,1190122,1190304
"3521","PA14_44140",93,1190305,1190397
"3522","PA14_44150",198,1190398,1190595
"3523","PA14_44160",381,1190596,1190976
"3524","PA14_44170",59,1190977,1191035
"3525","PA14_44180",293,1191036,1191328
"3526","PA14_44190",462,1191329,1191790
"3527","PA14_44200",117,1191791,1191907
"3528","PA14_44210",495,1191908,1192402
"3529","PA14_44230",62,1192403,1192464
"3530","PA14_44240",490,1192465,1192954
"3531","PA14_44260",436,1192955,1193390
"3532","PA14_44270",79,1193391,1193469
"3533","PA14_44280",352,1193470,1193821
"3534","PA14_44290",910,1193822,1194731
"3535","PA14_44300",521,1194732,1195252
"3536","PA14_44311",385,1195253,1195637
"3537","PA14_44320",210,1195638,1195847
"3538","PA14_44340",475,1195848,1196322
"3539","PA14_44350",202,1196323,1196524
"3540","PA14_44360",308,1196525,1196832
"3541","PA14_44370",477,1196833,1197309
"3542","PA14_44380",203,1197310,1197512
"3543","PA14_44390",64,1197513,1197576
"3544","PA14_44400",318,1197577,1197894
"3545","PA14_44420",471,1197895,1198365
"3546","PA14_44430",179,1198366,1198544
"3547","PA14_44440",893,1198545,1199437
"3548","PA14_44450",69,1199438,1199506
"3549","PA14_44460",227,1199507,1199733
"3550","PA14_44470",460,1199734,1200193
"3551","PA14_44480",155,1200194,1200348
"3552","PA14_44490",244,1200349,1200592
"3553","PA14_44500",182,1200593,1200774
"3554","PA14_44510",278,1200775,1201052
"3555","PA14_44520",122,1201053,1201174
"3556","PA14_44530",109,1201175,1201283
"3557","PA14_44540",315,1201284,1201598
"3558","PA14_44560",527,1201599,1202125
"3559","PA14_44570",306,1202126,1202431
"3560","PA14_44580",179,1202432,1202610
"3561","PA14_44590",382,1202611,1202992
"3562","PA14_44610",198,1202993,1203190
"3563","PA14_44620",108,1203191,1203298
"3564","PA14_44630",762,1203299,1204060
"3565","PA14_44640",288,1204061,1204348
"3566","PA14_44650",125,1204349,1204473
"3567","PA14_44660",794,1204474,1205267
"3568","PA14_44670",290,1205268,1205557
"3569","PA14_44680",1356,1205558,1206913
"3570","PA14_44690",219,1206914,1207132
"3571","PA14_44700",377,1207133,1207509
"3572","PA14_44710",497,1207510,1208006
"3573","PA14_44740",902,1208007,1208908
"3574","PA14_44760",279,1208909,1209187
"3575","PA14_44770",434,1209188,1209621
"3576","PA14_44780",259,1209622,1209880
"3577","PA14_44800",449,1209881,1210329
"3578","PA14_44820",126,1210330,1210455
"3579","PA14_44830",308,1210456,1210763
"3580","PA14_44840",171,1210764,1210934
"3581","PA14_44850",332,1210935,1211266
"3582","PA14_44860",169,1211267,1211435
"3583","PA14_44880",439,1211436,1211874
"3584","PA14_44890",172,1211875,1212046
"3585","PA14_44900",868,1212047,1212914
"3586","PA14_44910",578,1212915,1213492
"3587","PA14_44920",380,1213493,1213872
"3588","PA14_44930",86,1213873,1213958
"3589","PA14_44950",455,1213959,1214413
"3590","PA14_44960",109,1214414,1214522
"3591","PA14_44970",366,1214523,1214888
"3592","PA14_44980",216,1214889,1215104
"3593","PA14_44990",143,1215105,1215247
"3594","PA14_45000",591,1215248,1215838
"3595","PA14_45010",260,1215839,1216098
"3596","PA14_45020",296,1216099,1216394
"3597","PA14_45030",421,1216395,1216815
"3598","PA14_45050",477,1216816,1217292
"3599","PA14_45060",319,1217293,1217611
"3600","PA14_45070",283,1217612,1217894
"3601","PA14_45090",235,1217895,1218129
"3602","PA14_45100",551,1218130,1218680
"3603","PA14_45110",339,1218681,1219019
"3604","PA14_45120",118,1219020,1219137
"3605","PA14_45130",411,1219138,1219548
"3606","PA14_45150",259,1219549,1219807
"3607","PA14_45170",396,1219808,1220203
"3608","PA14_45180",435,1220204,1220638
"3609","PA14_45190",501,1220639,1221139
"3610","PA14_45210",366,1221140,1221505
"3611","PA14_45240",455,1221506,1221960
"3612","PA14_45250",268,1221961,1222228
"3613","PA14_45260",146,1222229,1222374
"3614","PA14_45280",407,1222375,1222781
"3615","PA14_45290",155,1222782,1222936
"3616","PA14_45300",180,1222937,1223116
"3617","PA14_45310",657,1223117,1223773
"3618","PA14_45330",162,1223774,1223935
"3619","PA14_45340",58,1223936,1223993
"3620","PA14_45350",252,1223994,1224245
"3621","PA14_45370",223,1224246,1224468
"3622","PA14_45380",234,1224469,1224702
"3623","PA14_45400",492,1224703,1225194
"3624","PA14_45410",111,1225195,1225305
"3625","PA14_45430",245,1225306,1225550
"3626","PA14_45440",259,1225551,1225809
"3627","PA14_45450",138,1225810,1225947
"3628","PA14_45460",323,1225948,1226270
"3629","PA14_45470",228,1226271,1226498
"3630","PA14_45480",140,1226499,1226638
"3631","PA14_45500",159,1226639,1226797
"3632","PA14_45510",344,1226798,1227141
"3633","PA14_45520",262,1227142,1227403
"3634","PA14_45540",296,1227404,1227699
"3635","PA14_45560",246,1227700,1227945
"3636","PA14_45580",368,1227946,1228313
"3637","PA14_45590",841,1228314,1229154
"3638","PA14_45610",262,1229155,1229416
"3639","PA14_45620",124,1229417,1229540
"3640","PA14_45630",247,1229541,1229787
"3641","PA14_45640",280,1229788,1230067
"3642","PA14_45660",429,1230068,1230496
"3643","PA14_45680",761,1230497,1231257
"3644","PA14_45700",510,1231258,1231767
"3645","PA14_45710",425,1231768,1232192
"3646","PA14_45720",378,1232193,1232570
"3647","PA14_45740",258,1232571,1232828
"3648","PA14_45760",89,1232829,1232917
"3649","PA14_45770",255,1232918,1233172
"3650","PA14_45780",150,1233173,1233322
"3651","PA14_45790",157,1233323,1233479
"3652","PA14_45800",323,1233480,1233802
"3653","PA14_45810",173,1233803,1233975
"3654","PA14_45830",427,1233976,1234402
"3655","PA14_45840",195,1234403,1234597
"3656","PA14_45850",135,1234598,1234732
"3657","PA14_45870",481,1234733,1235213
"3658","PA14_45880",229,1235214,1235442
"3659","PA14_45890",1036,1235443,1236478
"3660","PA14_45910",385,1236479,1236863
"3661","PA14_45920",237,1236864,1237100
"3662","PA14_45930",650,1237101,1237750
"3663","PA14_45940",201,1237751,1237951
"3664","PA14_45950",80,1237952,1238031
"3665","PA14_45960",239,1238032,1238270
"3666","PA14_45970",902,1238271,1239172
"3667","PA14_45980",143,1239173,1239315
"3668","PA14_46000",118,1239316,1239433
"3669","PA14_46010",640,1239434,1240073
"3670","PA14_46020",203,1240074,1240276
"3671","PA14_46030",417,1240277,1240693
"3672","PA14_46060",297,1240694,1240990
"3673","PA14_46070",319,1240991,1241309
"3674","PA14_46080",139,1241310,1241448
"3675","PA14_46100",503,1241449,1241951
"3676","PA14_46110",463,1241952,1242414
"3677","PA14_46120",606,1242415,1243020
"3678","PA14_46140",502,1243021,1243522
"3679","PA14_46150",242,1243523,1243764
"3680","PA14_46160",77,1243765,1243841
"3681","PA14_46170",290,1243842,1244131
"3682","PA14_46180",397,1244132,1244528
"3683","PA14_46200",303,1244529,1244831
"3684","PA14_46220",363,1244832,1245194
"3685","PA14_46230",346,1245195,1245540
"3686","PA14_46240",807,1245541,1246347
"3687","PA14_46250",313,1246348,1246660
"3688","PA14_46260",252,1246661,1246912
"3689","PA14_46270",531,1246913,1247443
"3690","PA14_46280",75,1247444,1247518
"3691","PA14_46290",210,1247519,1247728
"3692","PA14_46300",221,1247729,1247949
"3693","PA14_46310",135,1247950,1248084
"3694","PA14_46320",1096,1248085,1249180
"3695","PA14_46330",328,1249181,1249508
"3696","PA14_46340",113,1249509,1249621
"3697","PA14_46360",210,1249622,1249831
"3698","PA14_46370",585,1249832,1250416
"3699","PA14_46380",138,1250417,1250554
"3700","PA14_46390",84,1250555,1250638
"3701","PA14_46400",321,1250639,1250959
"3702","PA14_46420",277,1250960,1251236
"3703","PA14_46430",120,1251237,1251356
"3704","PA14_46440",177,1251357,1251533
"3705","PA14_46450",577,1251534,1252110
"3706","PA14_46460",396,1252111,1252506
"3707","PA14_46470",390,1252507,1252896
"3708","PA14_46480",168,1252897,1253064
"3709","PA14_46490",422,1253065,1253486
"3710","PA14_46510",452,1253487,1253938
"3711","PA14_46520",379,1253939,1254317
"3712","PA14_46530",141,1254318,1254458
"3713","PA14_46540",566,1254459,1255024
"3714","PA14_46550",242,1255025,1255266
"3715","PA14_46560",133,1255267,1255399
"3716","PA14_46570",205,1255400,1255604
"3717","PA14_46580",371,1255605,1255975
"3718","PA14_46590",1029,1255976,1257004
"3719","PA14_46600",268,1257005,1257272
"3720","PA14_46610",157,1257273,1257429
"3721","PA14_46620",426,1257430,1257855
"3722","PA14_46630",278,1257856,1258133
"3723","PA14_46640",877,1258134,1259010
"3724","PA14_46650",280,1259011,1259290
"3725","PA14_46660",246,1259291,1259536
"3726","PA14_46670",107,1259537,1259643
"3727","PA14_46680",500,1259644,1260143
"3728","PA14_46700",297,1260144,1260440
"3729","PA14_46710",218,1260441,1260658
"3730","PA14_46720",132,1260659,1260790
"3731","PA14_46740",158,1260791,1260948
"3732","PA14_46750",368,1260949,1261316
"3733","PA14_46760",126,1261317,1261442
"3734","PA14_46770",141,1261443,1261583
"3735","PA14_46780",137,1261584,1261720
"3736","PA14_46800",431,1261721,1262151
"3737","PA14_46810",407,1262152,1262558
"3738","PA14_46820",249,1262559,1262807
"3739","PA14_46830",116,1262808,1262923
"3740","PA14_46840",235,1262924,1263158
"3741","PA14_46850",230,1263159,1263388
"3742","PA14_46860",565,1263389,1263953
"3743","PA14_46880",529,1263954,1264482
"3744","PA14_46890",264,1264483,1264746
"3745","PA14_46900",152,1264747,1264898
"3746","PA14_46910",302,1264899,1265200
"3747","PA14_46920",248,1265201,1265448
"3748","PA14_46930",222,1265449,1265670
"3749","PA14_46950",244,1265671,1265914
"3750","PA14_46960",557,1265915,1266471
"3751","PA14_46970",362,1266472,1266833
"3752","PA14_46980",641,1266834,1267474
"3753","PA14_46990",425,1267475,1267899
"3754","PA14_47000",370,1267900,1268269
"3755","PA14_47010",68,1268270,1268337
"3756","PA14_47030",183,1268338,1268520
"3757","PA14_47040",515,1268521,1269035
"3758","PA14_47060",259,1269036,1269294
"3759","PA14_47070",143,1269295,1269437
"3760","PA14_47080",302,1269438,1269739
"3761","PA14_47090",706,1269740,1270445
"3762","PA14_47100",515,1270446,1270960
"3763","PA14_47110",135,1270961,1271095
"3764","PA14_47120",170,1271096,1271265
"3765","PA14_47130",110,1271266,1271375
"3766","PA14_47140",732,1271376,1272107
"3767","PA14_47150",296,1272108,1272403
"3768","PA14_47160",111,1272404,1272514
"3769","PA14_47180",209,1272515,1272723
"3770","PA14_47190",658,1272724,1273381
"3771","PA14_47210",331,1273382,1273712
"3772","PA14_47230",513,1273713,1274225
"3773","PA14_47240",204,1274226,1274429
"3774","PA14_47250",128,1274430,1274557
"3775","PA14_47260",452,1274558,1275009
"3776","PA14_47270",303,1275010,1275312
"3777","PA14_47280",275,1275313,1275587
"3778","PA14_47300",371,1275588,1275958
"3779","PA14_47310",286,1275959,1276244
"3780","PA14_47320",174,1276245,1276418
"3781","PA14_47330",257,1276419,1276675
"3782","PA14_47340",153,1276676,1276828
"3783","PA14_47350",157,1276829,1276985
"3784","PA14_47360",683,1276986,1277668
"3785","PA14_47370",212,1277669,1277880
"3786","PA14_47380",851,1277881,1278731
"3787","PA14_47390",327,1278732,1279058
"3788","PA14_47400",175,1279059,1279233
"3789","PA14_47410",149,1279234,1279382
"3790","PA14_47420",91,1279383,1279473
"3791","PA14_47430",337,1279474,1279810
"3792","PA14_47440",310,1279811,1280120
"3793","PA14_47450",97,1280121,1280217
"3794","PA14_47460",374,1280218,1280591
"3795","PA14_47490",353,1280592,1280944
"3796","PA14_47500",284,1280945,1281228
"3797","PA14_47510",279,1281229,1281507
"3798","PA14_47520",197,1281508,1281704
"3799","PA14_47530",159,1281705,1281863
"3800","PA14_47540",424,1281864,1282287
"3801","PA14_47550",184,1282288,1282471
"3802","PA14_47560",399,1282472,1282870
"3803","PA14_47580",149,1282871,1283019
"3804","PA14_47600",609,1283020,1283628
"3805","PA14_47610",186,1283629,1283814
"3806","PA14_47640",501,1283815,1284315
"3807","PA14_47650",246,1284316,1284561
"3808","PA14_47660",194,1284562,1284755
"3809","PA14_47670",351,1284756,1285106
"3810","PA14_47680",173,1285107,1285279
"3811","PA14_47690",490,1285280,1285769
"3812","PA14_47720",358,1285770,1286127
"3813","PA14_47730",312,1286128,1286439
"3814","PA14_47750",218,1286440,1286657
"3815","PA14_47760",511,1286658,1287168
"3816","PA14_47790",203,1287169,1287371
"3817","PA14_47800",616,1287372,1287987
"3818","PA14_47810",770,1287988,1288757
"3819","PA14_47820",222,1288758,1288979
"3820","PA14_47840",314,1288980,1289293
"3821","PA14_47850",371,1289294,1289664
"3822","PA14_47860",470,1289665,1290134
"3823","PA14_47870",300,1290135,1290434
"3824","PA14_47880",304,1290435,1290738
"3825","PA14_47890",364,1290739,1291102
"3826","PA14_47900",480,1291103,1291582
"3827","PA14_47910",224,1291583,1291806
"3828","PA14_47920",273,1291807,1292079
"3829","PA14_47930",586,1292080,1292665
"3830","PA14_47940",221,1292666,1292886
"3831","PA14_47950",214,1292887,1293100
"3832","PA14_47960",240,1293101,1293340
"3833","PA14_47970",344,1293341,1293684
"3834","PA14_48000",305,1293685,1293989
"3835","PA14_48010",628,1293990,1294617
"3836","PA14_48020",334,1294618,1294951
"3837","PA14_48030",541,1294952,1295492
"3838","PA14_48040",131,1295493,1295623
"3839","PA14_48060",479,1295624,1296102
"3840","PA14_48090",481,1296103,1296583
"3841","PA14_48100",432,1296584,1297015
"3842","PA14_48115",611,1297016,1297626
"3843","PA14_48140",446,1297627,1298072
"3844","PA14_48150",113,1298073,1298185
"3845","PA14_48160",858,1298186,1299043
"3846","PA14_48170",590,1299044,1299633
"3847","PA14_48190",186,1299634,1299819
"3848","PA14_48200",265,1299820,1300084
"3849","PA14_48210",294,1300085,1300378
"3850","PA14_48230",33,1300379,1300411
"3851","PA14_48240",501,1300412,1300912
"3852","PA14_48280",423,1300913,1301335
"3853","PA14_48300",503,1301336,1301838
"3854","PA14_48310",260,1301839,1302098
"3855","PA14_48320",167,1302099,1302265
"3856","PA14_48330",85,1302266,1302350
"3857","PA14_48340",697,1302351,1303047
"3858","PA14_48350",302,1303048,1303349
"3859","PA14_48380",65,1303350,1303414
"3860","PA14_48390",268,1303415,1303682
"3861","PA14_48400",116,1303683,1303798
"3862","PA14_48410",282,1303799,1304080
"3863","PA14_48420",202,1304081,1304282
"3864","PA14_48440",201,1304283,1304483
"3865","PA14_48450",373,1304484,1304856
"3866","PA14_48460",370,1304857,1305226
"3867","PA14_48470",303,1305227,1305529
"3868","PA14_48490",346,1305530,1305875
"3869","PA14_48500",295,1305876,1306170
"3870","PA14_48510",114,1306171,1306284
"3871","PA14_48520",385,1306285,1306669
"3872","PA14_48530",618,1306670,1307287
"3873","PA14_48540",422,1307288,1307709
"3874","PA14_48550",204,1307710,1307913
"3875","PA14_48560",292,1307914,1308205
"3876","PA14_48570",455,1308206,1308660
"3877","PA14_48590",248,1308661,1308908
"3878","PA14_48600",428,1308909,1309336
"3879","PA14_48610",550,1309337,1309886
"3880","PA14_48620",319,1309887,1310205
"3881","PA14_48630",409,1310206,1310614
"3882","PA14_48640",223,1310615,1310837
"3883","PA14_48650",232,1310838,1311069
"3884","PA14_48660",311,1311070,1311380
"3885","PA14_48680",501,1311381,1311881
"3886","PA14_48700",613,1311882,1312494
"3887","PA14_48710",157,1312495,1312651
"3888","PA14_48730",319,1312652,1312970
"3889","PA14_48740",185,1312971,1313155
"3890","PA14_48750",135,1313156,1313290
"3891","PA14_48760",205,1313291,1313495
"3892","PA14_48770",304,1313496,1313799
"3893","PA14_48780",220,1313800,1314019
"3894","PA14_48790",177,1314020,1314196
"3895","PA14_48800",205,1314197,1314401
"3896","PA14_48810",257,1314402,1314658
"3897","PA14_48830",466,1314659,1315124
"3898","PA14_48840",254,1315125,1315378
"3899","PA14_48850",472,1315379,1315850
"3900","PA14_48860",223,1315851,1316073
"3901","PA14_48870",274,1316074,1316347
"3902","PA14_48880",338,1316348,1316685
"3903","PA14_48890",437,1316686,1317122
"3904","PA14_48900",33,1317123,1317155
"3905","PA14_48910",428,1317156,1317583
"3906","PA14_48920",118,1317584,1317701
"3907","PA14_48930",428,1317702,1318129
"3908","PA14_48940",82,1318130,1318211
"3909","PA14_48950",83,1318212,1318294
"3910","PA14_48960",30,1318295,1318324
"3911","PA14_48970",144,1318325,1318468
"3912","PA14_48980",139,1318469,1318607
"3913","PA14_48990",96,1318608,1318703
"3914","PA14_49000",70,1318704,1318773
"3915","PA14_49010",71,1318774,1318844
"3916","PA14_49020",88,1318845,1318932
"3917","PA14_49030",343,1318933,1319275
"3918","PA14_49040",197,1319276,1319472
"3919","PA14_49050",199,1319473,1319671
"3920","PA14_49060",165,1319672,1319836
"3921","PA14_49070",393,1319837,1320229
"3922","PA14_49080",379,1320230,1320608
"3923","PA14_49090",339,1320609,1320947
"3924","PA14_49100",214,1320948,1321161
"3925","PA14_49110",296,1321162,1321457
"3926","PA14_49130",436,1321458,1321893
"3927","PA14_49150",370,1321894,1322263
"3928","PA14_49160",1120,1322264,1323383
"3929","PA14_49170",487,1323384,1323870
"3930","PA14_49180",225,1323871,1324095
"3931","PA14_49200",200,1324096,1324295
"3932","PA14_49210",55,1324296,1324350
"3933","PA14_49220",199,1324351,1324549
"3934","PA14_49230",109,1324550,1324658
"3935","PA14_49250",942,1324659,1325600
"3936","PA14_49260",178,1325601,1325778
"3937","PA14_49270",198,1325779,1325976
"3938","PA14_49280",407,1325977,1326383
"3939","PA14_49290",244,1326384,1326627
"3940","PA14_49300",685,1326628,1327312
"3941","PA14_49310",106,1327313,1327418
"3942","PA14_49320",223,1327419,1327641
"3943","PA14_49330",268,1327642,1327909
"3944","PA14_49340",242,1327910,1328151
"3945","PA14_49350",299,1328152,1328450
"3946","PA14_49360",869,1328451,1329319
"3947","PA14_49380",383,1329320,1329702
"3948","PA14_49390",271,1329703,1329973
"3949","PA14_49400",127,1329974,1330100
"3950","PA14_49410",69,1330101,1330169
"3951","PA14_49420",452,1330170,1330621
"3952","PA14_49440",236,1330622,1330857
"3953","PA14_49460",963,1330858,1331820
"3954","PA14_49470",415,1331821,1332235
"3955","PA14_49480",595,1332236,1332830
"3956","PA14_49500",184,1332831,1333014
"3957","PA14_49510",153,1333015,1333167
"3958","PA14_49520",791,1333168,1333958
"3959","PA14_49530",122,1333959,1334080
"3960","PA14_49540",259,1334081,1334339
"3961","PA14_49560",643,1334340,1334982
"3962","PA14_49570",496,1334983,1335478
"3963","PA14_49580",393,1335479,1335871
"3964","PA14_49590",300,1335872,1336171
"3965","PA14_49610",486,1336172,1336657
"3966","PA14_49620",217,1336658,1336874
"3967","PA14_49630",238,1336875,1337112
"3968","PA14_49640",300,1337113,1337412
"3969","PA14_49650",278,1337413,1337690
"3970","PA14_49660",282,1337691,1337972
"3971","PA14_49680",334,1337973,1338306
"3972","PA14_49690",375,1338307,1338681
"3973","PA14_49700",243,1338682,1338924
"3974","PA14_49710",291,1338925,1339215
"3975","PA14_49720",137,1339216,1339352
"3976","PA14_49730",116,1339353,1339468
"3977","PA14_49740",229,1339469,1339697
"3978","PA14_49750",441,1339698,1340138
"3979","PA14_49760",325,1340139,1340463
"3980","PA14_49780",135,1340464,1340598
"3981","PA14_49790",303,1340599,1340901
"3982","PA14_49800",329,1340902,1341230
"3983","PA14_49810",195,1341231,1341425
"3984","PA14_49820",250,1341426,1341675
"3985","PA14_49840",498,1341676,1342173
"3986","PA14_49850",106,1342174,1342279
"3987","PA14_49860",51,1342280,1342330
"3988","PA14_49870",179,1342331,1342509
"3989","PA14_49880",190,1342510,1342699
"3990","PA14_49890",435,1342700,1343134
"3991","PA14_49900",168,1343135,1343302
"3992","PA14_49910",227,1343303,1343529
"3993","PA14_49920",124,1343530,1343653
"3994","PA14_49930",279,1343654,1343932
"3995","PA14_49940",774,1343933,1344706
"3996","PA14_49960",111,1344707,1344817
"3997","PA14_49970",590,1344818,1345407
"3998","PA14_49990",63,1345408,1345470
"3999","PA14_50000",73,1345471,1345543
"4000","PA14_50010",382,1345544,1345925
"4001","PA14_50020",207,1345926,1346132
"4002","PA14_50030",236,1346133,1346368
"4003","PA14_50040",259,1346369,1346627
"4004","PA14_50050",412,1346628,1347039
"4005","PA14_50060",398,1347040,1347437
"4006","PA14_50070",237,1347438,1347674
"4007","PA14_50080",147,1347675,1347821
"4008","PA14_50100",451,1347822,1348272
"4009","PA14_50110",268,1348273,1348540
"4010","PA14_50130",338,1348541,1348878
"4011","PA14_50140",619,1348879,1349497
"4012","PA14_50160",109,1349498,1349606
"4013","PA14_50180",516,1349607,1350122
"4014","PA14_50200",402,1350123,1350524
"4015","PA14_50220",490,1350525,1351014
"4016","PA14_50240",98,1351015,1351112
"4017","PA14_50250",126,1351113,1351238
"4018","PA14_50270",474,1351239,1351712
"4019","PA14_50280",123,1351713,1351835
"4020","PA14_50290",492,1351836,1352327
"4021","PA14_50300",1819,1352328,1354146
"4022","PA14_50310",220,1354147,1354366
"4023","PA14_50320",200,1354367,1354566
"4024","PA14_50330",253,1354567,1354819
"4025","PA14_50340",446,1354820,1355265
"4026","PA14_50360",683,1355266,1355948
"4027","PA14_50380",400,1355949,1356348
"4028","PA14_50410",369,1356349,1356717
"4029","PA14_50420",231,1356718,1356948
"4030","PA14_50430",261,1356949,1357209
"4031","PA14_50440",249,1357210,1357458
"4032","PA14_50450",462,1357459,1357920
"4033","PA14_50460",237,1357921,1358157
"4034","PA14_50470",146,1358158,1358303
"4035","PA14_50480",135,1358304,1358438
"4036","PA14_50500",120,1358439,1358558
"4037","PA14_50510",105,1358559,1358663
"4038","PA14_50520",373,1358664,1359036
"4039","PA14_50530",344,1359037,1359380
"4040","PA14_50540",417,1359381,1359797
"4041","PA14_50550",256,1359798,1360053
"4042","PA14_50560",233,1360054,1360286
"4043","PA14_50570",764,1360287,1361050
"4044","PA14_50590",693,1361051,1361743
"4045","PA14_50600",306,1361744,1362049
"4046","PA14_50610",244,1362050,1362293
"4047","PA14_50620",157,1362294,1362450
"4048","PA14_50630",221,1362451,1362671
"4049","PA14_50640",83,1362672,1362754
"4050","PA14_50650",173,1362755,1362927
"4051","PA14_50660",417,1362928,1363344
"4052","PA14_50670",301,1363345,1363645
"4053","PA14_50680",115,1363646,1363760
"4054","PA14_50690",85,1363761,1363845
"4055","PA14_50700",174,1363846,1364019
"4056","PA14_50710",499,1364020,1364518
"4057","PA14_50720",112,1364519,1364630
"4058","PA14_50730",933,1364631,1365563
"4059","PA14_50740",154,1365564,1365717
"4060","PA14_50750",80,1365718,1365797
"4061","PA14_50760",381,1365798,1366178
"4062","PA14_50770",452,1366179,1366630
"4063","PA14_50790",370,1366631,1367000
"4064","PA14_50800",228,1367001,1367228
"4065","PA14_50810",293,1367229,1367521
"4066","PA14_50820",392,1367522,1367913
"4067","PA14_50830",757,1367914,1368670
"4068","PA14_50840",714,1368671,1369384
"4069","PA14_50850",154,1369385,1369538
"4070","PA14_50860",269,1369539,1369807
"4071","PA14_50870",99,1369808,1369906
"4072","PA14_50880",210,1369907,1370116
"4073","PA14_50890",165,1370117,1370281
"4074","PA14_50900",157,1370282,1370438
"4075","PA14_50910",105,1370439,1370543
"4076","PA14_50920",206,1370544,1370749
"4077","PA14_50930",186,1370750,1370935
"4078","PA14_50940",164,1370936,1371099
"4079","PA14_50950",68,1371100,1371167
"4080","PA14_50970",213,1371168,1371380
"4081","PA14_50980",847,1371381,1372227
"4082","PA14_51000",453,1372228,1372680
"4083","PA14_51010",251,1372681,1372931
"4084","PA14_51020",95,1372932,1373026
"4085","PA14_51040",428,1373027,1373454
"4086","PA14_51050",548,1373455,1374002
"4087","PA14_51060",158,1374003,1374160
"4088","PA14_51070",416,1374161,1374576
"4089","PA14_51080",328,1374577,1374904
"4090","PA14_51090",305,1374905,1375209
"4091","PA14_51100",381,1375210,1375590
"4092","PA14_51110",258,1375591,1375848
"4093","PA14_51120",370,1375849,1376218
"4094","PA14_51150",504,1376219,1376722
"4095","PA14_51160",288,1376723,1377010
"4096","PA14_51170",727,1377011,1377737
"4097","PA14_51190",383,1377738,1378120
"4098","PA14_51200",128,1378121,1378248
"4099","PA14_51205",266,1378249,1378514
"4100","PA14_51220",330,1378515,1378844
"4101","PA14_51240",236,1378845,1379080
"4102","PA14_51250",252,1379081,1379332
"4103","PA14_51260",408,1379333,1379740
"4104","PA14_51270",292,1379741,1380032
"4105","PA14_51280",185,1380033,1380217
"4106","PA14_51290",157,1380218,1380374
"4107","PA14_51300",357,1380375,1380731
"4108","PA14_51310",83,1380732,1380814
"4109","PA14_51320",477,1380815,1381291
"4110","PA14_51330",370,1381292,1381661
"4111","PA14_51340",381,1381662,1382042
"4112","PA14_51350",200,1382043,1382242
"4113","PA14_51360",530,1382243,1382772
"4114","PA14_51380",301,1382773,1383073
"4115","PA14_51390",337,1383074,1383410
"4116","PA14_51410",348,1383411,1383758
"4117","PA14_51420",283,1383759,1384041
"4118","PA14_51430",517,1384042,1384558
"4119","PA14_51440",173,1384559,1384731
"4120","PA14_51450",896,1384732,1385627
"4121","PA14_51460",237,1385628,1385864
"4122","PA14_51470",205,1385865,1386069
"4123","PA14_51480",125,1386070,1386194
"4124","PA14_51490",212,1386195,1386406
"4125","PA14_51500",186,1386407,1386592
"4126","PA14_51510",134,1386593,1386726
"4127","PA14_51520",137,1386727,1386863
"4128","PA14_51530",687,1386864,1387550
"4129","PA14_51540",189,1387551,1387739
"4130","PA14_51550",366,1387740,1388105
"4131","PA14_51560",149,1388106,1388254
"4132","PA14_51570",72,1388255,1388326
"4133","PA14_51580",67,1388327,1388393
"4134","PA14_51590",106,1388394,1388499
"4135","PA14_51600",207,1388500,1388706
"4136","PA14_51610",94,1388707,1388800
"4137","PA14_51620",102,1388801,1388902
"4138","PA14_51630",320,1388903,1389222
"4139","PA14_51640",125,1389223,1389347
"4140","PA14_51650",430,1389348,1389777
"4141","PA14_51670",224,1389778,1390001
"4142","PA14_51680",264,1390002,1390265
"4143","PA14_51690",303,1390266,1390568
"4144","PA14_51710",168,1390569,1390736
"4145","PA14_51720",432,1390737,1391168
"4146","PA14_51730",369,1391169,1391537
"4147","PA14_51740",146,1391538,1391683
"4148","PA14_51750",231,1391684,1391914
"4149","PA14_51770",148,1391915,1392062
"4150","PA14_51780",352,1392063,1392414
"4151","PA14_51790",201,1392415,1392615
"4152","PA14_51800",174,1392616,1392789
"4153","PA14_51810",248,1392790,1393037
"4154","PA14_51820",591,1393038,1393628
"4155","PA14_51830",156,1393629,1393784
"4156","PA14_51840",204,1393785,1393988
"4157","PA14_51850",69,1393989,1394057
"4158","PA14_51860",209,1394058,1394266
"4159","PA14_51880",472,1394267,1394738
"4160","PA14_51890",135,1394739,1394873
"4161","PA14_51900",571,1394874,1395444
"4162","PA14_51910",367,1395445,1395811
"4163","PA14_51920",91,1395812,1395902
"4164","PA14_51930",154,1395903,1396056
"4165","PA14_51940",127,1396057,1396183
"4166","PA14_51950",64,1396184,1396247
"4167","PA14_51960",411,1396248,1396658
"4168","PA14_51980",117,1396659,1396775
"4169","PA14_51990",198,1396776,1396973
"4170","PA14_52000",139,1396974,1397112
"4171","PA14_52010",234,1397113,1397346
"4172","PA14_52020",345,1397347,1397691
"4173","PA14_52040",353,1397692,1398044
"4174","PA14_52050",222,1398045,1398266
"4175","PA14_52060",238,1398267,1398504
"4176","PA14_52070",186,1398505,1398690
"4177","PA14_52080",77,1398691,1398767
"4178","PA14_52090",84,1398768,1398851
"4179","PA14_52110",108,1398852,1398959
"4180","PA14_52120",63,1398960,1399022
"4181","PA14_52130",442,1399023,1399464
"4182","PA14_52140",179,1399465,1399643
"4183","PA14_52150",312,1399644,1399955
"4184","PA14_52160",276,1399956,1400231
"4185","PA14_52180",763,1400232,1400994
"4186","PA14_52190",467,1400995,1401461
"4187","PA14_52210",299,1401462,1401760
"4188","PA14_52230",742,1401761,1402502
"4189","PA14_52240",445,1402503,1402947
"4190","PA14_52250",257,1402948,1403204
"4191","PA14_52260",925,1403205,1404129
"4192","PA14_52270",329,1404130,1404458
"4193","PA14_52280",163,1404459,1404621
"4194","PA14_52290",135,1404622,1404756
"4195","PA14_52300",642,1404757,1405398
"4196","PA14_52310",349,1405399,1405747
"4197","PA14_52330",104,1405748,1405851
"4198","PA14_52340",119,1405852,1405970
"4199","PA14_52350",909,1405971,1406879
"4200","PA14_52370",427,1406880,1407306
"4201","PA14_52380",182,1407307,1407488
"4202","PA14_52400",634,1407489,1408122
"4203","PA14_52420",440,1408123,1408562
"4204","PA14_52430",153,1408563,1408715
"4205","PA14_52440",130,1408716,1408845
"4206","PA14_52460",482,1408846,1409327
"4207","PA14_52465",177,1409328,1409504
"4208","PA14_52480",161,1409505,1409665
"4209","PA14_52490",168,1409666,1409833
"4210","PA14_52500",91,1409834,1409924
"4211","PA14_52510",137,1409925,1410061
"4212","PA14_52520",176,1410062,1410237
"4213","PA14_52530",237,1410238,1410474
"4214","PA14_52570",61,1410475,1410535
"4215","PA14_52580",426,1410536,1410961
"4216","PA14_52600",932,1410962,1411893
"4217","PA14_52610",334,1411894,1412227
"4218","PA14_52630",332,1412228,1412559
"4219","PA14_52640",96,1412560,1412655
"4220","PA14_52660",448,1412656,1413103
"4221","PA14_52670",488,1413104,1413591
"4222","PA14_52690",346,1413592,1413937
"4223","PA14_52700",338,1413938,1414275
"4224","PA14_52720",406,1414276,1414681
"4225","PA14_52730",107,1414682,1414788
"4226","PA14_52740",329,1414789,1415117
"4227","PA14_52750",254,1415118,1415371
"4228","PA14_52760",393,1415372,1415764
"4229","PA14_52770",232,1415765,1415996
"4230","PA14_52780",229,1415997,1416225
"4231","PA14_52790",259,1416226,1416484
"4232","PA14_52800",654,1416485,1417138
"4233","PA14_52810",440,1417139,1417578
"4234","PA14_52820",212,1417579,1417790
"4235","PA14_52840",331,1417791,1418121
"4236","PA14_52850",275,1418122,1418396
"4237","PA14_52870",400,1418397,1418796
"4238","PA14_52880",450,1418797,1419246
"4239","PA14_52890",126,1419247,1419372
"4240","PA14_52900",386,1419373,1419758
"4241","PA14_52910",275,1419759,1420033
"4242","PA14_52920",298,1420034,1420331
"4243","PA14_52930",314,1420332,1420645
"4244","PA14_52940",731,1420646,1421376
"4245","PA14_52960",88,1421377,1421464
"4246","PA14_52980",519,1421465,1421983
"4247","PA14_52990",262,1421984,1422245
"4248","PA14_53000",118,1422246,1422363
"4249","PA14_53010",399,1422364,1422762
"4250","PA14_53020",310,1422763,1423072
"4251","PA14_53030",137,1423073,1423209
"4252","PA14_53040",127,1423210,1423336
"4253","PA14_53050",472,1423337,1423808
"4254","PA14_53070",357,1423809,1424165
"4255","PA14_53090",262,1424166,1424427
"4256","PA14_53100",79,1424428,1424506
"4257","PA14_53110",319,1424507,1424825
"4258","PA14_53120",281,1424826,1425106
"4259","PA14_53140",948,1425107,1426054
"4260","PA14_53150",633,1426055,1426687
"4261","PA14_53160",239,1426688,1426926
"4262","PA14_53180",312,1426927,1427238
"4263","PA14_53190",101,1427239,1427339
"4264","PA14_53200",182,1427340,1427521
"4265","PA14_53210",340,1427522,1427861
"4266","PA14_53220",464,1427862,1428325
"4267","PA14_53230",207,1428326,1428532
"4268","PA14_53250",389,1428533,1428921
"4269","PA14_53260",320,1428922,1429241
"4270","PA14_53270",139,1429242,1429380
"4271","PA14_53290",316,1429381,1429696
"4272","PA14_53300",199,1429697,1429895
"4273","PA14_53310",681,1429896,1430576
"4274","PA14_53330",246,1430577,1430822
"4275","PA14_53340",670,1430823,1431492
"4276","PA14_53360",730,1431493,1432222
"4277","PA14_53370",207,1432223,1432429
"4278","PA14_53380",406,1432430,1432835
"4279","PA14_53390",319,1432836,1433154
"4280","PA14_53400",399,1433155,1433553
"4281","PA14_53410",215,1433554,1433768
"4282","PA14_53420",160,1433769,1433928
"4283","PA14_53430",161,1433929,1434089
"4284","PA14_53450",66,1434090,1434155
"4285","PA14_53470",394,1434156,1434549
"4286","PA14_53480",704,1434550,1435253
"4287","PA14_53490",304,1435254,1435557
"4288","PA14_53500",237,1435558,1435794
"4289","PA14_53510",213,1435795,1436007
"4290","PA14_53520",339,1436008,1436346
"4291","PA14_53530",277,1436347,1436623
"4292","PA14_53540",313,1436624,1436936
"4293","PA14_53550",227,1436937,1437163
"4294","PA14_53560",292,1437164,1437455
"4295","PA14_53570",260,1437456,1437715
"4296","PA14_53580",200,1437716,1437915
"4297","PA14_53590",423,1437916,1438338
"4298","PA14_53600",202,1438339,1438540
"4299","PA14_53610",201,1438541,1438741
"4300","PA14_53620",212,1438742,1438953
"4301","PA14_53630",111,1438954,1439064
"4302","PA14_53640",183,1439065,1439247
"4303","PA14_53650",148,1439248,1439395
"4304","PA14_53660",362,1439396,1439757
"4305","PA14_53670",270,1439758,1440027
"4306","PA14_53680",78,1440028,1440105
"4307","PA14_53690",90,1440106,1440195
"4308","PA14_53700",141,1440196,1440336
"4309","PA14_53720",294,1440337,1440630
"4310","PA14_53730",332,1440631,1440962
"4311","PA14_53740",153,1440963,1441115
"4312","PA14_53750",415,1441116,1441530
"4313","PA14_53770",431,1441531,1441961
"4314","PA14_53780",482,1441962,1442443
"4315","PA14_53790",246,1442444,1442689
"4316","PA14_53800",438,1442690,1443127
"4317","PA14_53810",157,1443128,1443284
"4318","PA14_53820",255,1443285,1443539
"4319","PA14_53830",131,1443540,1443670
"4320","PA14_53840",75,1443671,1443745
"4321","PA14_53850",273,1443746,1444018
"4322","PA14_53860",146,1444019,1444164
"4323","PA14_53870",107,1444165,1444271
"4324","PA14_53880",552,1444272,1444823
"4325","PA14_53890",177,1444824,1445000
"4326","PA14_53900",663,1445001,1445663
"4327","PA14_53910",216,1445664,1445879
"4328","PA14_53920",240,1445880,1446119
"4329","PA14_53940",298,1446120,1446417
"4330","PA14_53950",375,1446418,1446792
"4331","PA14_53970",868,1446793,1447660
"4332","PA14_53980",412,1447661,1448072
"4333","PA14_54000",494,1448073,1448566
"4334","PA14_54010",262,1448567,1448828
"4335","PA14_54030",271,1448829,1449099
"4336","PA14_54040",471,1449100,1449570
"4337","PA14_54050",221,1449571,1449791
"4338","PA14_54070",69,1449792,1449860
"4339","PA14_54080",1041,1449861,1450901
"4340","PA14_54090",387,1450902,1451288
"4341","PA14_54110",101,1451289,1451389
"4342","PA14_54120",212,1451390,1451601
"4343","PA14_54130",313,1451602,1451914
"4344","PA14_54150",506,1451915,1452420
"4345","PA14_54170",1060,1452421,1453480
"4346","PA14_54180",687,1453481,1454167
"4347","PA14_54190",250,1454168,1454417
"4348","PA14_54210",799,1454418,1455216
"4349","PA14_54220",136,1455217,1455352
"4350","PA14_54230",257,1455353,1455609
"4351","PA14_54240",190,1455610,1455799
"4352","PA14_54260",246,1455800,1456045
"4353","PA14_54270",322,1456046,1456367
"4354","PA14_54290",248,1456368,1456615
"4355","PA14_54300",233,1456616,1456848
"4356","PA14_54320",305,1456849,1457153
"4357","PA14_54330",229,1457154,1457382
"4358","PA14_54340",125,1457383,1457507
"4359","PA14_54350",284,1457508,1457791
"4360","PA14_54370",599,1457792,1458390
"4361","PA14_54390",474,1458391,1458864
"4362","PA14_54400",151,1458865,1459015
"4363","PA14_54410",346,1459016,1459361
"4364","PA14_54420",202,1459362,1459563
"4365","PA14_54430",196,1459564,1459759
"4366","PA14_54450",538,1459760,1460297
"4367","PA14_54460",150,1460298,1460447
"4368","PA14_54470",84,1460448,1460531
"4369","PA14_54480",314,1460532,1460845
"4370","PA14_54490",278,1460846,1461123
"4371","PA14_54500",469,1461124,1461592
"4372","PA14_54510",223,1461593,1461815
"4373","PA14_54520",427,1461816,1462242
"4374","PA14_54540",327,1462243,1462569
"4375","PA14_54550",170,1462570,1462739
"4376","PA14_54570",582,1462740,1463321
"4377","PA14_54580",345,1463322,1463666
"4378","PA14_54590",231,1463667,1463897
"4379","PA14_54600",273,1463898,1464170
"4380","PA14_54610",303,1464171,1464473
"4381","PA14_54620",552,1464474,1465025
"4382","PA14_54630",387,1465026,1465412
"4383","PA14_54640",272,1465413,1465684
"4384","PA14_54660",367,1465685,1466051
"4385","PA14_54670",298,1466052,1466349
"4386","PA14_54680",102,1466350,1466451
"4387","PA14_54690",222,1466452,1466673
"4388","PA14_54700",658,1466674,1467331
"4389","PA14_54710",304,1467332,1467635
"4390","PA14_54720",85,1467636,1467720
"4391","PA14_54730",81,1467721,1467801
"4392","PA14_54740",151,1467802,1467952
"4393","PA14_54750",57,1467953,1468009
"4394","PA14_54760",361,1468010,1468370
"4395","PA14_54770",271,1468371,1468641
"4396","PA14_54790",90,1468642,1468731
"4397","PA14_54800",241,1468732,1468972
"4398","PA14_54810",347,1468973,1469319
"4399","PA14_54820",245,1469320,1469564
"4400","PA14_54830",300,1469565,1469864
"4401","PA14_54850",73,1469865,1469937
"4402","PA14_54860",202,1469938,1470139
"4403","PA14_54870",302,1470140,1470441
"4404","PA14_54880",292,1470442,1470733
"4405","PA14_54890",634,1470734,1471367
"4406","PA14_54900",384,1471368,1471751
"4407","PA14_54910",271,1471752,1472022
"4408","PA14_54920",1487,1472023,1473509
"4409","PA14_54930",1113,1473510,1474622
"4410","PA14_54940",994,1474623,1475616
"4411","PA14_54950",448,1475617,1476064
"4412","PA14_54960",322,1476065,1476386
"4413","PA14_54970",585,1476387,1476971
"4414","PA14_54980",584,1476972,1477555
"4415","PA14_55000",316,1477556,1477871
"4416","PA14_55020",340,1477872,1478211
"4417","PA14_55030",354,1478212,1478565
"4418","PA14_55040",285,1478566,1478850
"4419","PA14_55050",684,1478851,1479534
"4420","PA14_55060",280,1479535,1479814
"4421","PA14_55070",87,1479815,1479901
"4422","PA14_55080",401,1479902,1480302
"4423","PA14_55090",132,1480303,1480434
"4424","PA14_55100",169,1480435,1480603
"4425","PA14_55110",97,1480604,1480700
"4426","PA14_55117",329,1480701,1481029
"4427","PA14_55130",131,1481030,1481160
"4428","PA14_55140",98,1481161,1481258
"4429","PA14_55150",284,1481259,1481542
"4430","PA14_55160",259,1481543,1481801
"4431","PA14_55170",177,1481802,1481978
"4432","PA14_55180",299,1481979,1482277
"4433","PA14_55200",511,1482278,1482788
"4434","PA14_55220",491,1482789,1483279
"4435","PA14_55230",301,1483280,1483580
"4436","PA14_55240",221,1483581,1483801
"4437","PA14_55250",328,1483802,1484129
"4438","PA14_55260",172,1484130,1484301
"4439","PA14_55280",334,1484302,1484635
"4440","PA14_55290",159,1484636,1484794
"4441","PA14_55300",220,1484795,1485014
"4442","PA14_55320",568,1485015,1485582
"4443","PA14_55330",270,1485583,1485852
"4444","PA14_55340",139,1485853,1485991
"4445","PA14_55360",615,1485992,1486606
"4446","PA14_55380",598,1486607,1487204
"4447","PA14_55390",200,1487205,1487404
"4448","PA14_55400",4180,1487405,1491584
"4449","PA14_55410",392,1491585,1491976
"4450","PA14_55430",404,1491977,1492380
"4451","PA14_55440",469,1492381,1492849
"4452","PA14_55450",803,1492850,1493652
"4453","PA14_55460",203,1493653,1493855
"4454","PA14_55470",399,1493856,1494254
"4455","PA14_55480",329,1494255,1494583
"4456","PA14_55490",149,1494584,1494732
"4457","PA14_55500",124,1494733,1494856
"4458","PA14_55510",153,1494857,1495009
"4459","PA14_55520",149,1495010,1495158
"4460","PA14_55530",244,1495159,1495402
"4461","PA14_55540",319,1495403,1495721
"4462","PA14_55550",181,1495722,1495902
"4463","PA14_55560",238,1495903,1496140
"4464","PA14_55570",106,1496141,1496246
"4465","PA14_55580",198,1496247,1496444
"4466","PA14_55590",186,1496445,1496630
"4467","PA14_55600",471,1496631,1497101
"4468","PA14_55610",1031,1497102,1498132
"4469","PA14_55640",409,1498133,1498541
"4470","PA14_55650",1211,1498542,1499752
"4471","PA14_55660",845,1499753,1500597
"4472","PA14_55670",1395,1500598,1501992
"4473","PA14_55690",1171,1501993,1503163
"4474","PA14_55710",277,1503164,1503440
"4475","PA14_55720",296,1503441,1503736
"4476","PA14_55730",267,1503737,1504003
"4477","PA14_55740",401,1504004,1504404
"4478","PA14_55750",563,1504405,1504967
"4479","PA14_55760",228,1504968,1505195
"4480","PA14_55770",489,1505196,1505684
"4481","PA14_55780",1010,1505685,1506694
"4482","PA14_55790",168,1506695,1506862
"4483","PA14_55800",166,1506863,1507028
"4484","PA14_55810",275,1507029,1507303
"4485","PA14_55820",557,1507304,1507860
"4486","PA14_55840",94,1507861,1507954
"4487","PA14_55850",259,1507955,1508213
"4488","PA14_55860",303,1508214,1508516
"4489","PA14_55880",294,1508517,1508810
"4490","PA14_55890",421,1508811,1509231
"4491","PA14_55900",394,1509232,1509625
"4492","PA14_55920",416,1509626,1510041
"4493","PA14_55930",327,1510042,1510368
"4494","PA14_55940",70,1510369,1510438
"4495","PA14_55960",632,1510439,1511070
"4496","PA14_55980",497,1511071,1511567
"4497","PA14_56000",634,1511568,1512201
"4498","PA14_56010",630,1512202,1512831
"4499","PA14_56030",416,1512832,1513247
"4500","PA14_56040",253,1513248,1513500
"4501","PA14_56050",333,1513501,1513833
"4502","PA14_56060",283,1513834,1514116
"4503","PA14_56070",124,1514117,1514240
"4504","PA14_56080",485,1514241,1514725
"4505","PA14_56090",245,1514726,1514970
"4506","PA14_56100",265,1514971,1515235
"4507","PA14_56110",326,1515236,1515561
"4508","PA14_56130",523,1515562,1516084
"4509","PA14_56140",425,1516085,1516509
"4510","PA14_56160",336,1516510,1516845
"4511","PA14_56170",443,1516846,1517288
"4512","PA14_56180",119,1517289,1517407
"4513","PA14_56190",142,1517408,1517549
"4514","PA14_56200",127,1517550,1517676
"4515","PA14_56210",268,1517677,1517944
"4516","PA14_56220",304,1517945,1518248
"4517","PA14_56240",483,1518249,1518731
"4518","PA14_56250",257,1518732,1518988
"4519","PA14_56260",325,1518989,1519313
"4520","PA14_56280",375,1519314,1519688
"4521","PA14_56300",507,1519689,1520195
"4522","PA14_56340",418,1520196,1520613
"4523","PA14_56360",102,1520614,1520715
"4524","PA14_56370",199,1520716,1520914
"4525","PA14_56380",203,1520915,1521117
"4526","PA14_56390",429,1521118,1521546
"4527","PA14_56410",359,1521547,1521905
"4528","PA14_56420",190,1521906,1522095
"4529","PA14_56430",274,1522096,1522369
"4530","PA14_56450",494,1522370,1522863
"4531","PA14_56470",504,1522864,1523367
"4532","PA14_56480",408,1523368,1523775
"4533","PA14_56510",196,1523776,1523971
"4534","PA14_56520",111,1523972,1524082
"4535","PA14_56530",384,1524083,1524466
"4536","PA14_56540",281,1524467,1524747
"4537","PA14_56550",324,1524748,1525071
"4538","PA14_56560",251,1525072,1525322
"4539","PA14_56570",258,1525323,1525580
"4540","PA14_56590",286,1525581,1525866
"4541","PA14_56600",190,1525867,1526056
"4542","PA14_56620",100,1526057,1526156
"4543","PA14_56640",458,1526157,1526614
"4544","PA14_56660",350,1526615,1526964
"4545","PA14_56670",80,1526965,1527044
"4546","PA14_56680",766,1527045,1527810
"4547","PA14_56690",75,1527811,1527885
"4548","PA14_56700",157,1527886,1528042
"4549","PA14_56720",329,1528043,1528371
"4550","PA14_56730",352,1528372,1528723
"4551","PA14_56740",300,1528724,1529023
"4552","PA14_56750",133,1529024,1529156
"4553","PA14_56770",200,1529157,1529356
"4554","PA14_56780",193,1529357,1529549
"4555","PA14_56790",687,1529550,1530236
"4556","PA14_56800",300,1530237,1530536
"4557","PA14_56810",190,1530537,1530726
"4558","PA14_56830",446,1530727,1531172
"4559","PA14_56840",473,1531173,1531645
"4560","PA14_56850",354,1531646,1531999
"4561","PA14_56870",364,1532000,1532363
"4562","PA14_56880",376,1532364,1532739
"4563","PA14_56890",1018,1532740,1533757
"4564","PA14_56900",398,1533758,1534155
"4565","PA14_56910",80,1534156,1534235
"4566","PA14_56920",234,1534236,1534469
"4567","PA14_56930",227,1534470,1534696
"4568","PA14_56940",426,1534697,1535122
"4569","PA14_56950",237,1535123,1535359
"4570","PA14_56960",264,1535360,1535623
"4571","PA14_56970",109,1535624,1535732
"4572","PA14_56980",127,1535733,1535859
"4573","PA14_56990",228,1535860,1536087
"4574","PA14_57010",547,1536088,1536634
"4575","PA14_57020",97,1536635,1536731
"4576","PA14_57030",155,1536732,1536886
"4577","PA14_57040",244,1536887,1537130
"4578","PA14_57050",252,1537131,1537382
"4579","PA14_57060",335,1537383,1537717
"4580","PA14_57070",333,1537718,1538050
"4581","PA14_57080",127,1538051,1538177
"4582","PA14_57100",594,1538178,1538771
"4583","PA14_57110",278,1538772,1539049
"4584","PA14_57130",159,1539050,1539208
"4585","PA14_57140",366,1539209,1539574
"4586","PA14_57160",303,1539575,1539877
"4587","PA14_57170",698,1539878,1540575
"4588","PA14_57180",192,1540576,1540767
"4589","PA14_57190",315,1540768,1541082
"4590","PA14_57200",214,1541083,1541296
"4591","PA14_57210",405,1541297,1541701
"4592","PA14_57220",984,1541702,1542685
"4593","PA14_57240",307,1542686,1542992
"4594","PA14_57250",146,1542993,1543138
"4595","PA14_57260",303,1543139,1543441
"4596","PA14_57275",394,1543442,1543835
"4597","PA14_57290",417,1543836,1544252
"4598","PA14_57300",287,1544253,1544539
"4599","PA14_57320",325,1544540,1544864
"4600","PA14_57330",480,1544865,1545344
"4601","PA14_57340",357,1545345,1545701
"4602","PA14_57360",399,1545702,1546100
"4603","PA14_57370",477,1546101,1546577
"4604","PA14_57380",360,1546578,1546937
"4605","PA14_57390",458,1546938,1547395
"4606","PA14_57410",522,1547396,1547917
"4607","PA14_57425",579,1547918,1548496
"4608","PA14_57440",97,1548497,1548593
"4609","PA14_57450",313,1548594,1548906
"4610","PA14_57460",151,1548907,1549057
"4611","PA14_57470",282,1549058,1549339
"4612","PA14_57480",604,1549340,1549943
"4613","PA14_57490",125,1549944,1550068
"4614","PA14_57500",197,1550069,1550265
"4615","PA14_57510",192,1550266,1550457
"4616","PA14_57520",135,1550458,1550592
"4617","PA14_57530",205,1550593,1550797
"4618","PA14_57540",260,1550798,1551057
"4619","PA14_57560",403,1551058,1551460
"4620","PA14_57570",197,1551461,1551657
"4621","PA14_57580",130,1551658,1551787
"4622","PA14_57590",142,1551788,1551929
"4623","PA14_57600",345,1551930,1552274
"4624","PA14_57630",299,1552275,1552573
"4625","PA14_57640",320,1552574,1552893
"4626","PA14_57650",364,1552894,1553257
"4627","PA14_57670",448,1553258,1553705
"4628","PA14_57680",209,1553706,1553914
"4629","PA14_57690",148,1553915,1554062
"4630","PA14_57710",633,1554063,1554695
"4631","PA14_57720",305,1554696,1555000
"4632","PA14_57730",375,1555001,1555375
"4633","PA14_57740",252,1555376,1555627
"4634","PA14_57760",438,1555628,1556065
"4635","PA14_57770",351,1556066,1556416
"4636","PA14_57780",440,1556417,1556856
"4637","PA14_57800",241,1556857,1557097
"4638","PA14_57810",421,1557098,1557518
"4639","PA14_57820",79,1557519,1557597
"4640","PA14_57830",102,1557598,1557699
"4641","PA14_57840",215,1557700,1557914
"4642","PA14_57850",157,1557915,1558071
"4643","PA14_57870",265,1558072,1558336
"4644","PA14_57880",269,1558337,1558605
"4645","PA14_57890",326,1558606,1558931
"4646","PA14_57900",179,1558932,1559110
"4647","PA14_57910",190,1559111,1559300
"4648","PA14_57920",175,1559301,1559475
"4649","PA14_57930",241,1559476,1559716
"4650","PA14_57940",497,1559717,1560213
"4651","PA14_57950",102,1560214,1560315
"4652","PA14_57960",154,1560316,1560469
"4653","PA14_57970",286,1560470,1560755
"4654","PA14_57980",90,1560756,1560845
"4655","PA14_57990",310,1560846,1561155
"4656","PA14_58000",203,1561156,1561358
"4657","PA14_58010",149,1561359,1561507
"4658","PA14_58030",458,1561508,1561965
"4659","PA14_58040",131,1561966,1562096
"4660","PA14_58050",480,1562097,1562576
"4661","PA14_58060",200,1562577,1562776
"4662","PA14_58070",490,1562777,1563266
"4663","PA14_58080",283,1563267,1563549
"4664","PA14_58090",1347,1563550,1564896
"4665","PA14_58100",486,1564897,1565382
"4666","PA14_58110",201,1565383,1565583
"4667","PA14_58120",164,1565584,1565747
"4668","PA14_58130",334,1565748,1566081
"4669","PA14_58150",362,1566082,1566443
"4670","PA14_58170",95,1566444,1566538
"4671","PA14_58180",554,1566539,1567092
"4672","PA14_58190",481,1567093,1567573
"4673","PA14_58210",125,1567574,1567698
"4674","PA14_58220",128,1567699,1567826
"4675","PA14_58230",263,1567827,1568089
"4676","PA14_58240",549,1568090,1568638
"4677","PA14_58250",1549,1568639,1570187
"4678","PA14_58260",212,1570188,1570399
"4679","PA14_58270",589,1570400,1570988
"4680","PA14_58290",269,1570989,1571257
"4681","PA14_58300",186,1571258,1571443
"4682","PA14_58320",422,1571444,1571865
"4683","PA14_58330",236,1571866,1572101
"4684","PA14_58350",560,1572102,1572661
"4685","PA14_58360",532,1572662,1573193
"4686","PA14_58375",405,1573194,1573598
"4687","PA14_58380",187,1573599,1573785
"4688","PA14_58390",588,1573786,1574373
"4689","PA14_58410",484,1574374,1574857
"4690","PA14_58420",533,1574858,1575390
"4691","PA14_58440",336,1575391,1575726
"4692","PA14_58450",308,1575727,1576034
"4693","PA14_58470",324,1576035,1576358
"4694","PA14_58490",323,1576359,1576681
"4695","PA14_58500",210,1576682,1576891
"4696","PA14_58510",157,1576892,1577048
"4697","PA14_58515",309,1577049,1577357
"4698","PA14_58530",225,1577358,1577582
"4699","PA14_58540",251,1577583,1577833
"4700","PA14_58550",299,1577834,1578132
"4701","PA14_58560",968,1578133,1579100
"4702","PA14_58570",754,1579101,1579854
"4703","PA14_58580",226,1579855,1580080
"4704","PA14_58600",271,1580081,1580351
"4705","PA14_58610",600,1580352,1580951
"4706","PA14_58620",141,1580952,1581092
"4707","PA14_58630",387,1581093,1581479
"4708","PA14_58650",673,1581480,1582152
"4709","PA14_58660",278,1582153,1582430
"4710","PA14_58670",188,1582431,1582618
"4711","PA14_58690",751,1582619,1583369
"4712","PA14_58700",282,1583370,1583651
"4713","PA14_58720",235,1583652,1583886
"4714","PA14_58730",179,1583887,1584065
"4715","PA14_58740",36,1584066,1584101
"4716","PA14_58750",591,1584102,1584692
"4717","PA14_58760",373,1584693,1585065
"4718","PA14_58770",290,1585066,1585355
"4719","PA14_58780",237,1585356,1585592
"4720","PA14_58790",66,1585593,1585658
"4721","PA14_58800",69,1585659,1585727
"4722","PA14_58810",229,1585728,1585956
"4723","PA14_58820",156,1585957,1586112
"4724","PA14_58830",141,1586113,1586253
"4725","PA14_58840",209,1586254,1586462
"4726","PA14_58850",149,1586463,1586611
"4727","PA14_58860",56,1586612,1586667
"4728","PA14_58870",435,1586668,1587102
"4729","PA14_58880",363,1587103,1587465
"4730","PA14_58890",545,1587466,1588010
"4731","PA14_58900",1512,1588011,1589522
"4732","PA14_58910",288,1589523,1589810
"4733","PA14_58920",226,1589811,1590036
"4734","PA14_58930",165,1590037,1590201
"4735","PA14_58940",50,1590202,1590251
"4736","PA14_58950",228,1590252,1590479
"4737","PA14_58960",233,1590480,1590712
"4738","PA14_58970",235,1590713,1590947
"4739","PA14_58980",74,1590948,1591021
"4740","PA14_58990",448,1591022,1591469
"4741","PA14_59000",175,1591470,1591644
"4742","PA14_59010",85,1591645,1591729
"4743","PA14_59020",165,1591730,1591894
"4744","PA14_59030",77,1591895,1591971
"4745","PA14_59050",338,1591972,1592309
"4746","PA14_59060",84,1592310,1592393
"4747","PA14_59070",612,1592394,1593005
"4748","PA14_59090",257,1593006,1593262
"4749","PA14_59100",441,1593263,1593703
"4750","PA14_59110",91,1593704,1593794
"4751","PA14_59120",79,1593795,1593873
"4752","PA14_59130",242,1593874,1594115
"4753","PA14_59140",178,1594116,1594293
"4754","PA14_59150",162,1594294,1594455
"4755","PA14_59160",81,1594456,1594536
"4756","PA14_59170",77,1594537,1594613
"4757","PA14_59180",641,1594614,1595254
"4758","PA14_59190",156,1595255,1595410
"4759","PA14_59200",684,1595411,1596094
"4760","PA14_59210",657,1596095,1596751
"4761","PA14_59220",498,1596752,1597249
"4762","PA14_59230",108,1597250,1597357
"4763","PA14_59240",374,1597358,1597731
"4764","PA14_59250",545,1597732,1598276
"4765","PA14_59270",441,1598277,1598717
"4766","PA14_59280",177,1598718,1598894
"4767","PA14_59290",526,1598895,1599420
"4768","PA14_59310",359,1599421,1599779
"4769","PA14_59320",176,1599780,1599955
"4770","PA14_59340",314,1599956,1600269
"4771","PA14_59350",442,1600270,1600711
"4772","PA14_59360",145,1600712,1600856
"4773","PA14_59370",230,1600857,1601086
"4774","PA14_59380",188,1601087,1601274
"4775","PA14_59390",44,1601275,1601318
"4776","PA14_59400",179,1601319,1601497
"4777","PA14_59410",88,1601498,1601585
"4778","PA14_59430",78,1601586,1601663
"4779","PA14_59440",235,1601664,1601898
"4780","PA14_59470",116,1601899,1602014
"4781","PA14_59480",212,1602015,1602226
"4782","PA14_59490",91,1602227,1602317
"4783","PA14_59500",120,1602318,1602437
"4784","PA14_59510",84,1602438,1602521
"4785","PA14_59520",201,1602522,1602722
"4786","PA14_59530",483,1602723,1603205
"4787","PA14_59540",749,1603206,1603954
"4788","PA14_59550",408,1603955,1604362
"4789","PA14_59560",88,1604363,1604450
"4790","PA14_59570",111,1604451,1604561
"4791","PA14_59580",519,1604562,1605080
"4792","PA14_59590",119,1605081,1605199
"4793","PA14_59600",81,1605200,1605280
"4794","PA14_59610",224,1605281,1605504
"4795","PA14_59620",221,1605505,1605725
"4796","PA14_59630",343,1605726,1606068
"4797","PA14_59640",232,1606069,1606300
"4798","PA14_59650",254,1606301,1606554
"4799","PA14_59660",193,1606555,1606747
"4800","PA14_59670",166,1606748,1606913
"4801","PA14_59680",85,1606914,1606998
"4802","PA14_59690",834,1606999,1607832
"4803","PA14_59700",248,1607833,1608080
"4804","PA14_59710",182,1608081,1608262
"4805","PA14_59720",248,1608263,1608510
"4806","PA14_59750",500,1608511,1609010
"4807","PA14_59760",238,1609011,1609248
"4808","PA14_59770",231,1609249,1609479
"4809","PA14_59780",1084,1609480,1610563
"4810","PA14_59790",399,1610564,1610962
"4811","PA14_59800",931,1610963,1611893
"4812","PA14_59820",216,1611894,1612109
"4813","PA14_59830",493,1612110,1612602
"4814","PA14_59840",369,1612603,1612971
"4815","PA14_59845",103,1612972,1613074
"4816","PA14_59850",101,1613075,1613175
"4817","PA14_59860",119,1613176,1613294
"4818","PA14_59870",79,1613295,1613373
"4819","PA14_59880",118,1613374,1613491
"4820","PA14_59890",128,1613492,1613619
"4821","PA14_59900",219,1613620,1613838
"4822","PA14_59910",294,1613839,1614132
"4823","PA14_59920",501,1614133,1614633
"4824","PA14_59930",147,1614634,1614780
"4825","PA14_59940",980,1614781,1615760
"4826","PA14_59950",94,1615761,1615854
"4827","PA14_59960",219,1615855,1616073
"4828","PA14_59970",72,1616074,1616145
"4829","PA14_59980",143,1616146,1616288
"4830","PA14_59990",312,1616289,1616600
"4831","PA14_60000",460,1616601,1617060
"4832","PA14_60010",118,1617061,1617178
"4833","PA14_60020",503,1617179,1617681
"4834","PA14_60030",114,1617682,1617795
"4835","PA14_60040",90,1617796,1617885
"4836","PA14_60050",117,1617886,1618002
"4837","PA14_60060",100,1618003,1618102
"4838","PA14_60070",807,1618103,1618909
"4839","PA14_60080",643,1618910,1619552
"4840","PA14_60090",171,1619553,1619723
"4841","PA14_60100",179,1619724,1619902
"4842","PA14_60110",236,1619903,1620138
"4843","PA14_60120",177,1620139,1620315
"4844","PA14_60130",682,1620316,1620997
"4845","PA14_60190",854,1620998,1621851
"4846","PA14_60200",269,1621852,1622120
"4847","PA14_60210",320,1622121,1622440
"4848","PA14_60230",341,1622441,1622781
"4849","PA14_60240",94,1622782,1622875
"4850","PA14_60250",530,1622876,1623405
"4851","PA14_60260",445,1623406,1623850
"4852","PA14_60270",364,1623851,1624214
"4853","PA14_60280",162,1624215,1624376
"4854","PA14_60290",275,1624377,1624651
"4855","PA14_60300",199,1624652,1624850
"4856","PA14_60310",1158,1624851,1626008
"4857","PA14_60320",141,1626009,1626149
"4858","PA14_60330",314,1626150,1626463
"4859","PA14_60350",146,1626464,1626609
"4860","PA14_60360",169,1626610,1626778
"4861","PA14_60370",943,1626779,1627721
"4862","PA14_60380",312,1627722,1628033
"4863","PA14_60390",512,1628034,1628545
"4864","PA14_60400",91,1628546,1628636
"4865","PA14_60410",154,1628637,1628790
"4866","PA14_60420",372,1628791,1629162
"4867","PA14_60445",406,1629163,1629568
"4868","PA14_60450",85,1629569,1629653
"4869","PA14_60460",103,1629654,1629756
"4870","PA14_60470",322,1629757,1630078
"4871","PA14_60480",74,1630079,1630152
"4872","PA14_60490",677,1630153,1630829
"4873","PA14_60500",205,1630830,1631034
"4874","PA14_60520",101,1631035,1631135
"4875","PA14_60530",162,1631136,1631297
"4876","PA14_60540",113,1631298,1631410
"4877","PA14_60550",817,1631411,1632227
"4878","PA14_60560",108,1632228,1632335
"4879","PA14_60570",162,1632336,1632497
"4880","PA14_60580",618,1632498,1633115
"4881","PA14_60590",184,1633116,1633299
"4882","PA14_60600",542,1633300,1633841
"4883","PA14_60630",381,1633842,1634222
"4884","PA14_60650",404,1634223,1634626
"4885","PA14_60660",287,1634627,1634913
"4886","PA14_60670",341,1634914,1635254
"4887","PA14_60690",125,1635255,1635379
"4888","PA14_60700",346,1635380,1635725
"4889","PA14_60710",445,1635726,1636170
"4890","PA14_60730",463,1636171,1636633
"4891","PA14_60750",162,1636634,1636795
"4892","PA14_60760",425,1636796,1637220
"4893","PA14_60770",493,1637221,1637713
"4894","PA14_60780",397,1637714,1638110
"4895","PA14_60790",228,1638111,1638338
"4896","PA14_60800",554,1638339,1638892
"4897","PA14_60810",172,1638893,1639064
"4898","PA14_60820",479,1639065,1639543
"4899","PA14_60830",1098,1639544,1640641
"4900","PA14_60850",393,1640642,1641034
"4901","PA14_60860",187,1641035,1641221
"4902","PA14_60870",1630,1641222,1642851
"4903","PA14_60890",417,1642852,1643268
"4904","PA14_60900",126,1643269,1643394
"4905","PA14_60920",334,1643395,1643728
"4906","PA14_60930",67,1643729,1643795
"4907","PA14_60950",688,1643796,1644483
"4908","PA14_60960",168,1644484,1644651
"4909","PA14_60970",125,1644652,1644776
"4910","PA14_60990",453,1644777,1645229
"4911","PA14_61000",144,1645230,1645373
"4912","PA14_61010",84,1645374,1645457
"4913","PA14_61020",183,1645458,1645640
"4914","PA14_61040",513,1645641,1646153
"4915","PA14_61050",137,1646154,1646290
"4916","PA14_61060",258,1646291,1646548
"4917","PA14_61080",352,1646549,1646900
"4918","PA14_61090",374,1646901,1647274
"4919","PA14_61110",192,1647275,1647466
"4920","PA14_61120",354,1647467,1647820
"4921","PA14_61130",418,1647821,1648238
"4922","PA14_61140",179,1648239,1648417
"4923","PA14_61150",943,1648418,1649360
"4924","PA14_61170",403,1649361,1649763
"4925","PA14_61180",129,1649764,1649892
"4926","PA14_61190",568,1649893,1650460
"4927","PA14_61200",2087,1650461,1652547
"4928","PA14_61210",323,1652548,1652870
"4929","PA14_61220",332,1652871,1653202
"4930","PA14_61250",487,1653203,1653689
"4931","PA14_61260",192,1653690,1653881
"4932","PA14_61270",147,1653882,1654028
"4933","PA14_61280",341,1654029,1654369
"4934","PA14_61290",276,1654370,1654645
"4935","PA14_61300",732,1654646,1655377
"4936","PA14_61320",204,1655378,1655581
"4937","PA14_61330",234,1655582,1655815
"4938","PA14_61340",87,1655816,1655902
"4939","PA14_61350",60,1655903,1655962
"4940","PA14_61360",386,1655963,1656348
"4941","PA14_61370",107,1656349,1656455
"4942","PA14_61380",85,1656456,1656540
"4943","PA14_61390",195,1656541,1656735
"4944","PA14_61400",507,1656736,1657242
"4945","PA14_61410",137,1657243,1657379
"4946","PA14_61430",102,1657380,1657481
"4947","PA14_61440",161,1657482,1657642
"4948","PA14_61450",157,1657643,1657799
"4949","PA14_61460",185,1657800,1657984
"4950","PA14_61470",212,1657985,1658196
"4951","PA14_61480",427,1658197,1658623
"4952","PA14_61500",182,1658624,1658805
"4953","PA14_61510",177,1658806,1658982
"4954","PA14_61520",180,1658983,1659162
"4955","PA14_61530",262,1659163,1659424
"4956","PA14_61540",792,1659425,1660216
"4957","PA14_61550",315,1660217,1660531
"4958","PA14_61560",457,1660532,1660988
"4959","PA14_61580",340,1660989,1661328
"4960","PA14_61590",305,1661329,1661633
"4961","PA14_61600",327,1661634,1661960
"4962","PA14_61610",319,1661961,1662279
"4963","PA14_61620",299,1662280,1662578
"4964","PA14_61640",518,1662579,1663096
"4965","PA14_61650",194,1663097,1663290
"4966","PA14_61660",265,1663291,1663555
"4967","PA14_61670",252,1663556,1663807
"4968","PA14_61680",276,1663808,1664083
"4969","PA14_61700",360,1664084,1664443
"4970","PA14_61710",422,1664444,1664865
"4971","PA14_61720",590,1664866,1665455
"4972","PA14_61740",205,1665456,1665660
"4973","PA14_61750",282,1665661,1665942
"4974","PA14_61770",313,1665943,1666255
"4975","PA14_61780",204,1666256,1666459
"4976","PA14_61790",194,1666460,1666653
"4977","PA14_61820",366,1666654,1667019
"4978","PA14_61840",101,1667020,1667120
"4979","PA14_61850",805,1667121,1667925
"4980","PA14_61860",215,1667926,1668140
"4981","PA14_61870",412,1668141,1668552
"4982","PA14_61880",158,1668553,1668710
"4983","PA14_61890",249,1668711,1668959
"4984","PA14_61910",178,1668960,1669137
"4985","PA14_61920",339,1669138,1669476
"4986","PA14_61940",348,1669477,1669824
"4987","PA14_61950",200,1669825,1670024
"4988","PA14_61960",432,1670025,1670456
"4989","PA14_61980",231,1670457,1670687
"4990","PA14_61990",948,1670688,1671635
"4991","PA14_62000",335,1671636,1671970
"4992","PA14_62010",512,1671971,1672482
"4993","PA14_62020",778,1672483,1673260
"4994","PA14_62030",206,1673261,1673466
"4995","PA14_62040",235,1673467,1673701
"4996","PA14_62100",202,1673702,1673903
"4997","PA14_62110",337,1673904,1674240
"4998","PA14_62120",271,1674241,1674511
"4999","PA14_62130",338,1674512,1674849
"5000","PA14_62150",163,1674850,1675012
"5001","PA14_62160",574,1675013,1675586
"5002","PA14_62170",157,1675587,1675743
"5003","PA14_62180",109,1675744,1675852
"5004","PA14_62190",268,1675853,1676120
"5005","PA14_62200",774,1676121,1676894
"5006","PA14_62230",523,1676895,1677417
"5007","PA14_62240",115,1677418,1677532
"5008","PA14_62250",90,1677533,1677622
"5009","PA14_62260",265,1677623,1677887
"5010","PA14_62270",295,1677888,1678182
"5011","PA14_62280",255,1678183,1678437
"5012","PA14_62290",327,1678438,1678764
"5013","PA14_62300",305,1678765,1679069
"5014","PA14_62330",354,1679070,1679423
"5015","PA14_62350",764,1679424,1680187
"5016","PA14_62360",115,1680188,1680302
"5017","PA14_62370",170,1680303,1680472
"5018","PA14_62380",149,1680473,1680621
"5019","PA14_62390",157,1680622,1680778
"5020","PA14_62400",420,1680779,1681198
"5021","PA14_62410",284,1681199,1681482
"5022","PA14_62420",298,1681483,1681780
"5023","PA14_62430",158,1681781,1681938
"5024","PA14_62440",431,1681939,1682369
"5025","PA14_62450",363,1682370,1682732
"5026","PA14_62470",235,1682733,1682967
"5027","PA14_62480",390,1682968,1683357
"5028","PA14_62490",148,1683358,1683505
"5029","PA14_62510",301,1683506,1683806
"5030","PA14_62520",58,1683807,1683864
"5031","PA14_62530",983,1683865,1684847
"5032","PA14_62540",478,1684848,1685325
"5033","PA14_62560",467,1685326,1685792
"5034","PA14_62570",162,1685793,1685954
"5035","PA14_62580",266,1685955,1686220
"5036","PA14_62590",283,1686221,1686503
"5037","PA14_62600",126,1686504,1686629
"5038","PA14_62620",554,1686630,1687183
"5039","PA14_62630",645,1687184,1687828
"5040","PA14_62640",325,1687829,1688153
"5041","PA14_62650",1090,1688154,1689243
"5042","PA14_62660",97,1689244,1689340
"5043","PA14_62670",72,1689341,1689412
"5044","PA14_62680",65,1689413,1689477
"5045","PA14_62690",114,1689478,1689591
"5046","PA14_62710",701,1689592,1690292
"5047","PA14_62720",89,1690293,1690381
"5048","PA14_62730",304,1690382,1690685
"5049","PA14_62740",130,1690686,1690815
"5050","PA14_62760",840,1690816,1691655
"5051","PA14_62770",493,1691656,1692148
"5052","PA14_62780",152,1692149,1692300
"5053","PA14_62810",129,1692301,1692429
"5054","PA14_62830",251,1692430,1692680
"5055","PA14_62840",445,1692681,1693125
"5056","PA14_62850",329,1693126,1693454
"5057","PA14_62860",639,1693455,1694093
"5058","PA14_62870",207,1694094,1694300
"5059","PA14_62880",104,1694301,1694404
"5060","PA14_62890",135,1694405,1694539
"5061","PA14_62900",199,1694540,1694738
"5062","PA14_62910",1073,1694739,1695811
"5063","PA14_62920",216,1695812,1696027
"5064","PA14_62930",414,1696028,1696441
"5065","PA14_62940",268,1696442,1696709
"5066","PA14_62960",377,1696710,1697086
"5067","PA14_62970",637,1697087,1697723
"5068","PA14_62990",186,1697724,1697909
"5069","PA14_63010",610,1697910,1698519
"5070","PA14_63020",134,1698520,1698653
"5071","PA14_63030",176,1698654,1698829
"5072","PA14_63040",101,1698830,1698930
"5073","PA14_63050",144,1698931,1699074
"5074","PA14_63060",159,1699075,1699233
"5075","PA14_63070",257,1699234,1699490
"5076","PA14_63080",562,1699491,1700052
"5077","PA14_63090",381,1700053,1700433
"5078","PA14_63100",964,1700434,1701397
"5079","PA14_63110",160,1701398,1701557
"5080","PA14_63120",349,1701558,1701906
"5081","PA14_63130",286,1701907,1702192
"5082","PA14_63150",221,1702193,1702413
"5083","PA14_63160",477,1702414,1702890
"5084","PA14_63170",132,1702891,1703022
"5085","PA14_63190",297,1703023,1703319
"5086","PA14_63200",297,1703320,1703616
"5087","PA14_63210",393,1703617,1704009
"5088","PA14_63220",81,1704010,1704090
"5089","PA14_63230",296,1704091,1704386
"5090","PA14_63240",155,1704387,1704541
"5091","PA14_63250",425,1704542,1704966
"5092","PA14_63270",505,1704967,1705471
"5093","PA14_63280",333,1705472,1705804
"5094","PA14_63290",287,1705805,1706091
"5095","PA14_63300",101,1706092,1706192
"5096","PA14_63310",249,1706193,1706441
"5097","PA14_63320",206,1706442,1706647
"5098","PA14_63330",334,1706648,1706981
"5099","PA14_63340",187,1706982,1707168
"5100","PA14_63350",160,1707169,1707328
"5101","PA14_63360",125,1707329,1707453
"5102","PA14_63370",155,1707454,1707608
"5103","PA14_63380",242,1707609,1707850
"5104","PA14_63390",192,1707851,1708042
"5105","PA14_63410",266,1708043,1708308
"5106","PA14_63420",38,1708309,1708346
"5107","PA14_63430",122,1708347,1708468
"5108","PA14_63440",126,1708469,1708594
"5109","PA14_63450",111,1708595,1708705
"5110","PA14_63470",205,1708706,1708910
"5111","PA14_63480",465,1708911,1709375
"5112","PA14_63500",522,1709376,1709897
"5113","PA14_63520",227,1709898,1710124
"5114","PA14_63530",658,1710125,1710782
"5115","PA14_63540",468,1710783,1711250
"5116","PA14_63550",352,1711251,1711602
"5117","PA14_63570",208,1711603,1711810
"5118","PA14_63580",309,1711811,1712119
"5119","PA14_63605",1025,1712120,1713144
"5120","PA14_63620",309,1713145,1713453
"5121","PA14_63640",681,1713454,1714134
"5122","PA14_63650",149,1714135,1714283
"5123","PA14_63660",432,1714284,1714715
"5124","PA14_63680",164,1714716,1714879
"5125","PA14_63700",497,1714880,1715376
"5126","PA14_63710",324,1715377,1715700
"5127","PA14_63720",120,1715701,1715820
"5128","PA14_63730",453,1715821,1716273
"5129","PA14_63740",122,1716274,1716395
"5130","PA14_63750",555,1716396,1716950
"5131","PA14_63770",69,1716951,1717019
"5132","PA14_63780",258,1717020,1717277
"5133","PA14_63800",903,1717278,1718180
"5134","PA14_63820",72,1718181,1718252
"5135","PA14_63830",279,1718253,1718531
"5136","PA14_63840",151,1718532,1718682
"5137","PA14_63850",467,1718683,1719149
"5138","PA14_63860",179,1719150,1719328
"5139","PA14_63880",186,1719329,1719514
"5140","PA14_63890",265,1719515,1719779
"5141","PA14_63900",244,1719780,1720023
"5142","PA14_63910",286,1720024,1720309
"5143","PA14_63920",433,1720310,1720742
"5144","PA14_63940",263,1720743,1721005
"5145","PA14_63960",719,1721006,1721724
"5146","PA14_63970",384,1721725,1722108
"5147","PA14_63990",636,1722109,1722744
"5148","PA14_64000",123,1722745,1722867
"5149","PA14_64010",178,1722868,1723045
"5150","PA14_64030",356,1723046,1723401
"5151","PA14_64050",542,1723402,1723943
"5152","PA14_64060",657,1723944,1724600
"5153","PA14_64080",592,1724601,1725192
"5154","PA14_64090",147,1725193,1725339
"5155","PA14_64100",167,1725340,1725506
"5156","PA14_64110",449,1725507,1725955
"5157","PA14_64120",288,1725956,1726243
"5158","PA14_64140",294,1726244,1726537
"5159","PA14_64170",431,1726538,1726968
"5160","PA14_64180",332,1726969,1727300
"5161","PA14_64190",107,1727301,1727407
"5162","PA14_64200",535,1727408,1727942
"5163","PA14_64220",429,1727943,1728371
"5164","PA14_64230",1017,1728372,1729388
"5165","PA14_64240",197,1729389,1729585
"5166","PA14_64260",30,1729586,1729615
"5167","PA14_64270",421,1729616,1730036
"5168","PA14_64280",529,1730037,1730565
"5169","PA14_64290",359,1730566,1730924
"5170","PA14_64300",285,1730925,1731209
"5171","PA14_64310",232,1731210,1731441
"5172","PA14_64320",150,1731442,1731591
"5173","PA14_64335",280,1731592,1731871
"5174","PA14_64350",100,1731872,1731971
"5175","PA14_64360",172,1731972,1732143
"5176","PA14_64370",101,1732144,1732244
"5177","PA14_64390",625,1732245,1732869
"5178","PA14_64400",405,1732870,1733274
"5179","PA14_64410",88,1733275,1733362
"5180","PA14_64420",204,1733363,1733566
"5181","PA14_64430",231,1733567,1733797
"5182","PA14_64440",287,1733798,1734084
"5183","PA14_64450",421,1734085,1734505
"5184","PA14_64460",140,1734506,1734645
"5185","PA14_64470",98,1734646,1734743
"5186","PA14_64480",114,1734744,1734857
"5187","PA14_64490",135,1734858,1734992
"5188","PA14_64500",270,1734993,1735262
"5189","PA14_64510",689,1735263,1735951
"5190","PA14_64520",177,1735952,1736128
"5191","PA14_64530",115,1736129,1736243
"5192","PA14_64540",255,1736244,1736498
"5193","PA14_64550",204,1736499,1736702
"5194","PA14_64560",207,1736703,1736909
"5195","PA14_64570",229,1736910,1737138
"5196","PA14_64580",463,1737139,1737601
"5197","PA14_64590",438,1737602,1738039
"5198","PA14_64610",370,1738040,1738409
"5199","PA14_64620",366,1738410,1738775
"5200","PA14_64640",209,1738776,1738984
"5201","PA14_64650",167,1738985,1739151
"5202","PA14_64660",223,1739152,1739374
"5203","PA14_64670",204,1739375,1739578
"5204","PA14_64680",223,1739579,1739801
"5205","PA14_64690",340,1739802,1740141
"5206","PA14_64700",178,1740142,1740319
"5207","PA14_64710",989,1740320,1741308
"5208","PA14_64720",417,1741309,1741725
"5209","PA14_64740",489,1741726,1742214
"5210","PA14_64750",454,1742215,1742668
"5211","PA14_64770",570,1742669,1743238
"5212","PA14_64780",298,1743239,1743536
"5213","PA14_64790",515,1743537,1744051
"5214","PA14_64800",351,1744052,1744402
"5215","PA14_64810",317,1744403,1744719
"5216","PA14_64820",237,1744720,1744956
"5217","PA14_64840",253,1744957,1745209
"5218","PA14_64850",297,1745210,1745506
"5219","PA14_64860",238,1745507,1745744
"5220","PA14_64870",290,1745745,1746034
"5221","PA14_64880",425,1746035,1746459
"5222","PA14_64890",304,1746460,1746763
"5223","PA14_64900",374,1746764,1747137
"5224","PA14_64910",344,1747138,1747481
"5225","PA14_64920",541,1747482,1748022
"5226","PA14_64930",231,1748023,1748253
"5227","PA14_64940",200,1748254,1748453
"5228","PA14_64950",219,1748454,1748672
"5229","PA14_64960",399,1748673,1749071
"5230","PA14_64980",275,1749072,1749346
"5231","PA14_64990",324,1749347,1749670
"5232","PA14_65000",148,1749671,1749818
"5233","PA14_65010",195,1749819,1750013
"5234","PA14_65030",231,1750014,1750244
"5235","PA14_65040",283,1750245,1750527
"5236","PA14_65050",311,1750528,1750838
"5237","PA14_65060",832,1750839,1751670
"5238","PA14_65080",747,1751671,1752417
"5239","PA14_65090",673,1752418,1753090
"5240","PA14_65110",358,1753091,1753448
"5241","PA14_65130",464,1753449,1753912
"5242","PA14_65150",148,1753913,1754060
"5243","PA14_65160",289,1754061,1754349
"5244","PA14_65170",76,1754350,1754425
"5245","PA14_65180",139,1754426,1754564
"5246","PA14_65190",248,1754565,1754812
"5247","PA14_65200",908,1754813,1755720
"5248","PA14_65230",430,1755721,1756150
"5249","PA14_65250",394,1756151,1756544
"5250","PA14_65260",61,1756545,1756605
"5251","PA14_65270",289,1756606,1756894
"5252","PA14_65280",400,1756895,1757294
"5253","PA14_65300",433,1757295,1757727
"5254","PA14_65310",82,1757728,1757809
"5255","PA14_65320",323,1757810,1758132
"5256","PA14_65350",640,1758133,1758772
"5257","PA14_65370",475,1758773,1759247
"5258","PA14_65380",155,1759248,1759402
"5259","PA14_65390",502,1759403,1759904
"5260","PA14_65400",462,1759905,1760366
"5261","PA14_65410",180,1760367,1760546
"5262","PA14_65420",339,1760547,1760885
"5263","PA14_65430",347,1760886,1761232
"5264","PA14_65450",283,1761233,1761515
"5265","PA14_65470",503,1761516,1762018
"5266","PA14_65480",282,1762019,1762300
"5267","PA14_65500",289,1762301,1762589
"5268","PA14_65520",487,1762590,1763076
"5269","PA14_65540",691,1763077,1763767
"5270","PA14_65560",429,1763768,1764196
"5271","PA14_65570",512,1764197,1764708
"5272","PA14_65580",178,1764709,1764886
"5273","PA14_65590",236,1764887,1765122
"5274","PA14_65605",778,1765123,1765900
"5275","PA14_65630",174,1765901,1766074
"5276","PA14_65640",337,1766075,1766411
"5277","PA14_65660",629,1766412,1767040
"5278","PA14_65670",206,1767041,1767246
"5279","PA14_65690",272,1767247,1767518
"5280","PA14_65700",152,1767519,1767670
"5281","PA14_65710",205,1767671,1767875
"5282","PA14_65720",248,1767876,1768123
"5283","PA14_65740",676,1768124,1768799
"5284","PA14_65750",482,1768800,1769281
"5285","PA14_65760",235,1769282,1769516
"5286","PA14_65770",393,1769517,1769909
"5287","PA14_65795",559,1769910,1770468
"5288","PA14_65810",696,1770469,1771164
"5289","PA14_65820",386,1771165,1771550
"5290","PA14_65840",263,1771551,1771813
"5291","PA14_65850",470,1771814,1772283
"5292","PA14_65860",770,1772284,1773053
"5293","PA14_65870",258,1773054,1773311
"5294","PA14_65880",244,1773312,1773555
"5295","PA14_65900",215,1773556,1773770
"5296","PA14_65920",363,1773771,1774133
"5297","PA14_65940",651,1774134,1774784
"5298","PA14_65950",199,1774785,1774983
"5299","PA14_65960",425,1774984,1775408
"5300","PA14_65970",294,1775409,1775702
"5301","PA14_65990",110,1775703,1775812
"5302","PA14_66000",391,1775813,1776203
"5303","PA14_66010",270,1776204,1776473
"5304","PA14_66020",307,1776474,1776780
"5305","PA14_66040",402,1776781,1777182
"5306","PA14_66050",429,1777183,1777611
"5307","PA14_66060",474,1777612,1778085
"5308","PA14_66080",603,1778086,1778688
"5309","PA14_66090",216,1778689,1778904
"5310","PA14_66100",399,1778905,1779303
"5311","PA14_66110",294,1779304,1779597
"5312","PA14_66120",318,1779598,1779915
"5313","PA14_66140",472,1779916,1780387
"5314","PA14_66150",298,1780388,1780685
"5315","PA14_66160",378,1780686,1781063
"5316","PA14_66170",585,1781064,1781648
"5317","PA14_66190",492,1781649,1782140
"5318","PA14_66200",252,1782141,1782392
"5319","PA14_66210",244,1782393,1782636
"5320","PA14_66220",268,1782637,1782904
"5321","PA14_66230",373,1782905,1783277
"5322","PA14_66240",354,1783278,1783631
"5323","PA14_66250",345,1783632,1783976
"5324","PA14_66260",307,1783977,1784283
"5325","PA14_66270",982,1784284,1785265
"5326","PA14_66290",882,1785266,1786147
"5327","PA14_66310",614,1786148,1786761
"5328","PA14_66320",899,1786762,1787660
"5329","PA14_66330",215,1787661,1787875
"5330","PA14_66340",297,1787876,1788172
"5331","PA14_66350",600,1788173,1788772
"5332","PA14_66380",579,1788773,1789351
"5333","PA14_66400",1118,1789352,1790469
"5334","PA14_66410",486,1790470,1790955
"5335","PA14_66420",239,1790956,1791194
"5336","PA14_66440",425,1791195,1791619
"5337","PA14_66450",150,1791620,1791769
"5338","PA14_66460",271,1791770,1792040
"5339","PA14_66480",255,1792041,1792295
"5340","PA14_66490",301,1792296,1792596
"5341","PA14_66510",438,1792597,1793034
"5342","PA14_66520",309,1793035,1793343
"5343","PA14_66530",368,1793344,1793711
"5344","PA14_66540",326,1793712,1794037
"5345","PA14_66550",355,1794038,1794392
"5346","PA14_66560",477,1794393,1794869
"5347","PA14_66570",1481,1794870,1796350
"5348","PA14_66580",595,1796351,1796945
"5349","PA14_66600",368,1796946,1797313
"5350","PA14_66610",185,1797314,1797498
"5351","PA14_66620",714,1797499,1798212
"5352","PA14_66630",174,1798213,1798386
"5353","PA14_66640",207,1798387,1798593
"5354","PA14_66650",198,1798594,1798791
"5355","PA14_66660",354,1798792,1799145
"5356","PA14_66670",827,1799146,1799972
"5357","PA14_66680",422,1799973,1800394
"5358","PA14_66690",479,1800395,1800873
"5359","PA14_66700",255,1800874,1801128
"5360","PA14_66710",71,1801129,1801199
"5361","PA14_66720",778,1801200,1801977
"5362","PA14_66750",587,1801978,1802564
"5363","PA14_66760",231,1802565,1802795
"5364","PA14_66770",177,1802796,1802972
"5365","PA14_66790",447,1802973,1803419
"5366","PA14_66800",123,1803420,1803542
"5367","PA14_66820",559,1803543,1804101
"5368","PA14_66830",285,1804102,1804386
"5369","PA14_66840",560,1804387,1804946
"5370","PA14_66850",205,1804947,1805151
"5371","PA14_66875",316,1805152,1805467
"5372","PA14_66880",138,1805468,1805605
"5373","PA14_66890",91,1805606,1805696
"5374","PA14_66900",256,1805697,1805952
"5375","PA14_66910",208,1805953,1806160
"5376","PA14_66920",545,1806161,1806705
"5377","PA14_66940",134,1806706,1806839
"5378","PA14_66950",111,1806840,1806950
"5379","PA14_66960",82,1806951,1807032
"5380","PA14_66970",149,1807033,1807181
"5381","PA14_66980",267,1807182,1807448
"5382","PA14_66990",235,1807449,1807683
"5383","PA14_67010",647,1807684,1808330
"5384","PA14_67020",153,1808331,1808483
"5385","PA14_67030",251,1808484,1808734
"5386","PA14_67040",320,1808735,1809054
"5387","PA14_67050",266,1809055,1809320
"5388","PA14_67065",875,1809321,1810195
"5389","PA14_67090",525,1810196,1810720
"5390","PA14_67100",145,1810721,1810865
"5391","PA14_67110",323,1810866,1811188
"5392","PA14_67120",158,1811189,1811346
"5393","PA14_67130",303,1811347,1811649
"5394","PA14_67140",116,1811650,1811765
"5395","PA14_67150",416,1811766,1812181
"5396","PA14_67170",318,1812182,1812499
"5397","PA14_67180",290,1812500,1812789
"5398","PA14_67190",293,1812790,1813082
"5399","PA14_67200",289,1813083,1813371
"5400","PA14_67210",291,1813372,1813662
"5401","PA14_67220",745,1813663,1814407
"5402","PA14_67230",790,1814408,1815197
"5403","PA14_67240",266,1815198,1815463
"5404","PA14_67250",402,1815464,1815865
"5405","PA14_67260",520,1815866,1816385
"5406","PA14_67270",276,1816386,1816661
"5407","PA14_67280",283,1816662,1816944
"5408","PA14_67300",322,1816945,1817266
"5409","PA14_67310",467,1817267,1817733
"5410","PA14_67320",509,1817734,1818242
"5411","PA14_67340",490,1818243,1818732
"5412","PA14_67350",608,1818733,1819340
"5413","PA14_67370",265,1819341,1819605
"5414","PA14_67380",312,1819606,1819917
"5415","PA14_67400",340,1819918,1820257
"5416","PA14_67410",196,1820258,1820453
"5417","PA14_67420",250,1820454,1820703
"5418","PA14_67440",453,1820704,1821156
"5419","PA14_67450",189,1821157,1821345
"5420","PA14_67460",85,1821346,1821430
"5421","PA14_67470",200,1821431,1821630
"5422","PA14_67490",336,1821631,1821966
"5423","PA14_67500",176,1821967,1822142
"5424","PA14_67510",646,1822143,1822788
"5425","PA14_67520",480,1822789,1823268
"5426","PA14_67530",1201,1823269,1824469
"5427","PA14_67540",194,1824470,1824663
"5428","PA14_67550",141,1824664,1824804
"5429","PA14_67560",605,1824805,1825409
"5430","PA14_67580",484,1825410,1825893
"5431","PA14_67600",469,1825894,1826362
"5432","PA14_67620",134,1826363,1826496
"5433","PA14_67630",735,1826497,1827231
"5434","PA14_67640",173,1827232,1827404
"5435","PA14_67650",190,1827405,1827594
"5436","PA14_67670",358,1827595,1827952
"5437","PA14_67680",499,1827953,1828451
"5438","PA14_67700",155,1828452,1828606
"5439","PA14_67710",153,1828607,1828759
"5440","PA14_67720",163,1828760,1828922
"5441","PA14_67740",84,1828923,1829006
"5442","PA14_67750",140,1829007,1829146
"5443","PA14_67770",515,1829147,1829661
"5444","PA14_67780",272,1829662,1829933
"5445","PA14_67790",454,1829934,1830387
"5446","PA14_67810",436,1830388,1830823
"5447","PA14_67820",257,1830824,1831080
"5448","PA14_67830",581,1831081,1831661
"5449","PA14_67840",251,1831662,1831912
"5450","PA14_67850",250,1831913,1832162
"5451","PA14_67860",248,1832163,1832410
"5452","PA14_67880",256,1832411,1832666
"5453","PA14_67890",245,1832667,1832911
"5454","PA14_67900",86,1832912,1832997
"5455","PA14_67920",213,1832998,1833210
"5456","PA14_67930",197,1833211,1833407
"5457","PA14_67940",132,1833408,1833539
"5458","PA14_67960",78,1833540,1833617
"5459","PA14_67970",368,1833618,1833985
"5460","PA14_67975",750,1833986,1834735
"5461","PA14_67990",355,1834736,1835090
"5462","PA14_68000",90,1835091,1835180
"5463","PA14_68040",245,1835181,1835425
"5464","PA14_68050",229,1835426,1835654
"5465","PA14_68060",263,1835655,1835917
"5466","PA14_68070",250,1835918,1836167
"5467","PA14_68080",231,1836168,1836398
"5468","PA14_68090",230,1836399,1836628
"5469","PA14_68100",311,1836629,1836939
"5470","PA14_68110",156,1836940,1837095
"5471","PA14_68120",538,1837096,1837633
"5472","PA14_68130",412,1837634,1838045
"5473","PA14_68140",522,1838046,1838567
"5474","PA14_68170",352,1838568,1838919
"5475","PA14_68190",302,1838920,1839221
"5476","PA14_68200",293,1839222,1839514
"5477","PA14_68210",181,1839515,1839695
"5478","PA14_68230",612,1839696,1840307
"5479","PA14_68250",478,1840308,1840785
"5480","PA14_68260",331,1840786,1841116
"5481","PA14_68280",240,1841117,1841356
"5482","PA14_68290",463,1841357,1841819
"5483","PA14_68300",482,1841820,1842301
"5484","PA14_68330",418,1842302,1842719
"5485","PA14_68340",336,1842720,1843055
"5486","PA14_68350",310,1843056,1843365
"5487","PA14_68360",634,1843366,1843999
"5488","PA14_68370",273,1844000,1844272
"5489","PA14_68380",188,1844273,1844460
"5490","PA14_68390",221,1844461,1844681
"5491","PA14_68400",145,1844682,1844826
"5492","PA14_68420",332,1844827,1845158
"5493","PA14_68430",279,1845159,1845437
"5494","PA14_68440",773,1845438,1846210
"5495","PA14_68450",139,1846211,1846349
"5496","PA14_68460",135,1846350,1846484
"5497","PA14_68470",71,1846485,1846555
"5498","PA14_68480",185,1846556,1846740
"5499","PA14_68490",147,1846741,1846887
"5500","PA14_68500",387,1846888,1847274
"5501","PA14_68510",596,1847275,1847870
"5502","PA14_68530",411,1847871,1848281
"5503","PA14_68550",302,1848282,1848583
"5504","PA14_68560",200,1848584,1848783
"5505","PA14_68570",118,1848784,1848901
"5506","PA14_68580",513,1848902,1849414
"5507","PA14_68610",297,1849415,1849711
"5508","PA14_68620",267,1849712,1849978
"5509","PA14_68630",131,1849979,1850109
"5510","PA14_68640",144,1850110,1850253
"5511","PA14_68660",301,1850254,1850554
"5512","PA14_68670",307,1850555,1850861
"5513","PA14_68680",439,1850862,1851300
"5514","PA14_68700",247,1851301,1851547
"5515","PA14_68710",779,1851548,1852326
"5516","PA14_68720",129,1852327,1852455
"5517","PA14_68730",532,1852456,1852987
"5518","PA14_68740",473,1852988,1853460
"5519","PA14_68750",265,1853461,1853725
"5520","PA14_68770",384,1853726,1854109
"5521","PA14_68780",422,1854110,1854531
"5522","PA14_68800",225,1854532,1854756
"5523","PA14_68810",454,1854757,1855210
"5524","PA14_68820",661,1855211,1855871
"5525","PA14_68830",150,1855872,1856021
"5526","PA14_68840",109,1856022,1856130
"5527","PA14_68850",958,1856131,1857088
"5528","PA14_68860",129,1857089,1857217
"5529","PA14_68870",360,1857218,1857577
"5530","PA14_68890",539,1857578,1858116
"5531","PA14_68900",332,1858117,1858448
"5532","PA14_68920",314,1858449,1858762
"5533","PA14_68930",418,1858763,1859180
"5534","PA14_68940",273,1859181,1859453
"5535","PA14_68955",405,1859454,1859858
"5536","PA14_68970",160,1859859,1860018
"5537","PA14_68980",424,1860019,1860442
"5538","PA14_69000",444,1860443,1860886
"5539","PA14_69010",184,1860887,1861070
"5540","PA14_69020",103,1861071,1861173
"5541","PA14_69030",104,1861174,1861277
"5542","PA14_69040",203,1861278,1861480
"5543","PA14_69050",152,1861481,1861632
"5544","PA14_69060",374,1861633,1862006
"5545","PA14_69070",916,1862007,1862922
"5546","PA14_69090",357,1862923,1863279
"5547","PA14_69100",139,1863280,1863418
"5548","PA14_69110",325,1863419,1863743
"5549","PA14_69130",448,1863744,1864191
"5550","PA14_69140",322,1864192,1864513
"5551","PA14_69150",488,1864514,1865001
"5552","PA14_69170",741,1865002,1865742
"5553","PA14_69190",419,1865743,1866161
"5554","PA14_69200",108,1866162,1866269
"5555","PA14_69220",506,1866270,1866775
"5556","PA14_69230",736,1866776,1867511
"5557","PA14_69240",337,1867512,1867848
"5558","PA14_69250",196,1867849,1868044
"5559","PA14_69260",222,1868045,1868266
"5560","PA14_69270",157,1868267,1868423
"5561","PA14_69280",160,1868424,1868583
"5562","PA14_69300",633,1868584,1869216
"5563","PA14_69310",209,1869217,1869425
"5564","PA14_69320",259,1869426,1869684
"5565","PA14_69330",192,1869685,1869876
"5566","PA14_69340",638,1869877,1870514
"5567","PA14_69350",159,1870515,1870673
"5568","PA14_69370",355,1870674,1871028
"5569","PA14_69380",209,1871029,1871237
"5570","PA14_69390",160,1871238,1871397
"5571","PA14_69400",163,1871398,1871560
"5572","PA14_69420",412,1871561,1871972
"5573","PA14_69430",376,1871973,1872348
"5574","PA14_69440",289,1872349,1872637
"5575","PA14_69450",313,1872638,1872950
"5576","PA14_69470",248,1872951,1873198
"5577","PA14_69480",358,1873199,1873556
"5578","PA14_69500",464,1873557,1874020
"5579","PA14_69510",357,1874021,1874377
"5580","PA14_69520",1174,1874378,1875551
"5581","PA14_69540",293,1875552,1875844
"5582","PA14_69550",680,1875845,1876524
"5583","PA14_69560",172,1876525,1876696
"5584","PA14_69570",326,1876697,1877022
"5585","PA14_69580",91,1877023,1877113
"5586","PA14_69590",293,1877114,1877406
"5587","PA14_69600",77,1877407,1877483
"5588","PA14_69610",951,1877484,1878434
"5589","PA14_69620",242,1878435,1878676
"5590","PA14_69630",134,1878677,1878810
"5591","PA14_69640",111,1878811,1878921
"5592","PA14_69660",46,1878922,1878967
"5593","PA14_69670",415,1878968,1879382
"5594","PA14_69690",276,1879383,1879658
"5595","PA14_69700",233,1879659,1879891
"5596","PA14_69710",303,1879892,1880194
"5597","PA14_69720",232,1880195,1880426
"5598","PA14_69740",389,1880427,1880815
"5599","PA14_69750",458,1880816,1881273
"5600","PA14_69760",304,1881274,1881577
"5601","PA14_69770",105,1881578,1881682
"5602","PA14_69780",141,1881683,1881823
"5603","PA14_69795",442,1881824,1882265
"5604","PA14_69810",112,1882266,1882377
"5605","PA14_69820",86,1882378,1882463
"5606","PA14_69840",497,1882464,1882960
"5607","PA14_69850",753,1882961,1883713
"5608","PA14_69870",349,1883714,1884062
"5609","PA14_69880",305,1884063,1884367
"5610","PA14_69890",488,1884368,1884855
"5611","PA14_69900",558,1884856,1885413
"5612","PA14_69910",669,1885414,1886082
"5613","PA14_69925",572,1886083,1886654
"5614","PA14_69940",190,1886655,1886844
"5615","PA14_69950",619,1886845,1887463
"5616","PA14_69970",152,1887464,1887615
"5617","PA14_69980",182,1887616,1887797
"5618","PA14_69990",357,1887798,1888154
"5619","PA14_70010",117,1888155,1888271
"5620","PA14_70040",432,1888272,1888703
"5621","PA14_70050",114,1888704,1888817
"5622","PA14_70060",63,1888818,1888880
"5623","PA14_70070",856,1888881,1889736
"5624","PA14_70080",162,1889737,1889898
"5625","PA14_70100",439,1889899,1890337
"5626","PA14_70110",529,1890338,1890866
"5627","PA14_70120",387,1890867,1891253
"5628","PA14_70140",497,1891254,1891750
"5629","PA14_70160",444,1891751,1892194
"5630","PA14_70170",120,1892195,1892314
"5631","PA14_70180",51,1892315,1892365
"5632","PA14_70190",78,1892366,1892443
"5633","PA14_70200",526,1892444,1892969
"5634","PA14_70220",63,1892970,1893032
"5635","PA14_70230",224,1893033,1893256
"5636","PA14_70240",402,1893257,1893658
"5637","PA14_70260",151,1893659,1893809
"5638","PA14_70270",855,1893810,1894664
"5639","PA14_70280",301,1894665,1894965
"5640","PA14_70290",356,1894966,1895321
"5641","PA14_70300",316,1895322,1895637
"5642","PA14_70310",402,1895638,1896039
"5643","PA14_70330",442,1896040,1896481
"5644","PA14_70340",129,1896482,1896610
"5645","PA14_70350",154,1896611,1896764
"5646","PA14_70360",205,1896765,1896969
"5647","PA14_70370",213,1896970,1897182
"5648","PA14_70390",259,1897183,1897441
"5649","PA14_70400",123,1897442,1897564
"5650","PA14_70420",239,1897565,1897803
"5651","PA14_70430",293,1897804,1898096
"5652","PA14_70440",203,1898097,1898299
"5653","PA14_70450",88,1898300,1898387
"5654","PA14_70470",703,1898388,1899090
"5655","PA14_70480",126,1899091,1899216
"5656","PA14_70490",243,1899217,1899459
"5657","PA14_70510",206,1899460,1899665
"5658","PA14_70530",266,1899666,1899931
"5659","PA14_70550",283,1899932,1900214
"5660","PA14_70560",310,1900215,1900524
"5661","PA14_70570",724,1900525,1901248
"5662","PA14_70580",469,1901249,1901717
"5663","PA14_70590",130,1901718,1901847
"5664","PA14_70600",97,1901848,1901944
"5665","PA14_70620",384,1901945,1902328
"5666","PA14_70630",55,1902329,1902383
"5667","PA14_70640",55,1902384,1902438
"5668","PA14_70650",141,1902439,1902579
"5669","PA14_70670",408,1902580,1902987
"5670","PA14_70680",359,1902988,1903346
"5671","PA14_70690",499,1903347,1903845
"5672","PA14_70710",251,1903846,1904096
"5673","PA14_70720",178,1904097,1904274
"5674","PA14_70730",296,1904275,1904570
"5675","PA14_70740",151,1904571,1904721
"5676","PA14_70750",229,1904722,1904950
"5677","PA14_70760",443,1904951,1905393
"5678","PA14_70770",446,1905394,1905839
"5679","PA14_70780",299,1905840,1906138
"5680","PA14_70790",300,1906139,1906438
"5681","PA14_70800",242,1906439,1906680
"5682","PA14_70810",277,1906681,1906957
"5683","PA14_70830",558,1906958,1907515
"5684","PA14_70850",678,1907516,1908193
"5685","PA14_70860",323,1908194,1908516
"5686","PA14_70920",438,1908517,1908954
"5687","PA14_70930",134,1908955,1909088
"5688","PA14_70940",561,1909089,1909649
"5689","PA14_70950",490,1909650,1910139
"5690","PA14_70970",197,1910140,1910336
"5691","PA14_70980",516,1910337,1910852
"5692","PA14_71000",392,1910853,1911244
"5693","PA14_71020",279,1911245,1911523
"5694","PA14_71030",312,1911524,1911835
"5695","PA14_71060",458,1911836,1912293
"5696","PA14_71070",367,1912294,1912660
"5697","PA14_71080",125,1912661,1912785
"5698","PA14_71090",297,1912786,1913082
"5699","PA14_71100",355,1913083,1913437
"5700","PA14_71110",331,1913438,1913768
"5701","PA14_71120",159,1913769,1913927
"5702","PA14_71140",367,1913928,1914294
"5703","PA14_71150",298,1914295,1914592
"5704","PA14_71160",312,1914593,1914904
"5705","PA14_71170",336,1914905,1915240
"5706","PA14_71180",384,1915241,1915624
"5707","PA14_71190",224,1915625,1915848
"5708","PA14_71200",140,1915849,1915988
"5709","PA14_71210",450,1915989,1916438
"5710","PA14_71220",528,1916439,1916966
"5711","PA14_71230",156,1916967,1917122
"5712","PA14_71240",325,1917123,1917447
"5713","PA14_71250",176,1917448,1917623
"5714","PA14_71260",686,1917624,1918309
"5715","PA14_71280",698,1918310,1919007
"5716","PA14_71300",328,1919008,1919335
"5717","PA14_71310",257,1919336,1919592
"5718","PA14_71320",189,1919593,1919781
"5719","PA14_71330",68,1919782,1919849
"5720","PA14_71340",134,1919850,1919983
"5721","PA14_71350",79,1919984,1920062
"5722","PA14_71360",110,1920063,1920172
"5723","PA14_71370",96,1920173,1920268
"5724","PA14_71380",58,1920269,1920326
"5725","PA14_71390",186,1920327,1920512
"5726","PA14_71400",36,1920513,1920548
"5727","PA14_71410",429,1920549,1920977
"5728","PA14_71420",366,1920978,1921343
"5729","PA14_71430",813,1921344,1922156
"5730","PA14_71440",346,1922157,1922502
"5731","PA14_71450",213,1922503,1922715
"5732","PA14_71460",448,1922716,1923163
"5733","PA14_71470",438,1923164,1923601
"5734","PA14_71490",106,1923602,1923707
"5735","PA14_71500",1076,1923708,1924783
"5736","PA14_71510",211,1924784,1924994
"5737","PA14_71530",285,1924995,1925279
"5738","PA14_71560",399,1925280,1925678
"5739","PA14_71570",318,1925679,1925996
"5740","PA14_71580",193,1925997,1926189
"5741","PA14_71590",81,1926190,1926270
"5742","PA14_71600",360,1926271,1926630
"5743","PA14_71620",163,1926631,1926793
"5744","PA14_71630",362,1926794,1927155
"5745","PA14_71640",302,1927156,1927457
"5746","PA14_71650",474,1927458,1927931
"5747","PA14_71670",428,1927932,1928359
"5748","PA14_71680",491,1928360,1928850
"5749","PA14_71690",149,1928851,1928999
"5750","PA14_71700",224,1929000,1929223
"5751","PA14_71710",417,1929224,1929640
"5752","PA14_71720",607,1929641,1930247
"5753","PA14_71740",471,1930248,1930718
"5754","PA14_71750",311,1930719,1931029
"5755","PA14_71760",71,1931030,1931100
"5756","PA14_71780",293,1931101,1931393
"5757","PA14_71800",488,1931394,1931881
"5758","PA14_71820",464,1931882,1932345
"5759","PA14_71830",263,1932346,1932608
"5760","PA14_71840",733,1932609,1933341
"5761","PA14_71850",951,1933342,1934292
"5762","PA14_71870",728,1934293,1935020
"5763","PA14_71880",142,1935021,1935162
"5764","PA14_71890",497,1935163,1935659
"5765","PA14_71900",67,1935660,1935726
"5766","PA14_71910",381,1935727,1936107
"5767","PA14_71920",375,1936108,1936482
"5768","PA14_71930",460,1936483,1936942
"5769","PA14_71940",421,1936943,1937363
"5770","PA14_71960",265,1937364,1937628
"5771","PA14_71970",479,1937629,1938107
"5772","PA14_71990",323,1938108,1938430
"5773","PA14_72000",304,1938431,1938734
"5774","PA14_72010",544,1938735,1939278
"5775","PA14_72020",433,1939279,1939711
"5776","PA14_72030",287,1939712,1939998
"5777","PA14_72040",380,1939999,1940378
"5778","PA14_72050",278,1940379,1940656
"5779","PA14_72060",70,1940657,1940726
"5780","PA14_72070",105,1940727,1940831
"5781","PA14_72080",97,1940832,1940928
"5782","PA14_72090",111,1940929,1941039
"5783","PA14_72110",652,1941040,1941691
"5784","PA14_72130",139,1941692,1941830
"5785","PA14_72140",314,1941831,1942144
"5786","PA14_72150",120,1942145,1942264
"5787","PA14_72170",434,1942265,1942698
"5788","PA14_72180",257,1942699,1942955
"5789","PA14_72200",204,1942956,1943159
"5790","PA14_72210",379,1943160,1943538
"5791","PA14_72220",266,1943539,1943804
"5792","PA14_72230",582,1943805,1944386
"5793","PA14_72250",512,1944387,1944898
"5794","PA14_72260",186,1944899,1945084
"5795","PA14_72280",429,1945085,1945513
"5796","PA14_72300",390,1945514,1945903
"5797","PA14_72320",409,1945904,1946312
"5798","PA14_72340",444,1946313,1946756
"5799","PA14_72350",64,1946757,1946820
"5800","PA14_72360",155,1946821,1946975
"5801","PA14_72370",53,1946976,1947028
"5802","PA14_72380",449,1947029,1947477
"5803","PA14_72390",595,1947478,1948072
"5804","PA14_72400",259,1948073,1948331
"5805","PA14_72410",197,1948332,1948528
"5806","PA14_72420",671,1948529,1949199
"5807","PA14_72430",315,1949200,1949514
"5808","PA14_72450",211,1949515,1949725
"5809","PA14_72460",201,1949726,1949926
"5810","PA14_72470",97,1949927,1950023
"5811","PA14_72480",215,1950024,1950238
"5812","PA14_72490",913,1950239,1951151
"5813","PA14_72500",115,1951152,1951266
"5814","PA14_72510",316,1951267,1951582
"5815","PA14_72520",229,1951583,1951811
"5816","PA14_72540",734,1951812,1952545
"5817","PA14_72550",307,1952546,1952852
"5818","PA14_72560",167,1952853,1953019
"5819","PA14_72580",269,1953020,1953288
"5820","PA14_72590",262,1953289,1953550
"5821","PA14_72600",262,1953551,1953812
"5822","PA14_72620",335,1953813,1954147
"5823","PA14_72630",225,1954148,1954372
"5824","PA14_72640",260,1954373,1954632
"5825","PA14_72650",285,1954633,1954917
"5826","PA14_72660",217,1954918,1955134
"5827","PA14_72690",443,1955135,1955577
"5828","PA14_72700",222,1955578,1955799
"5829","PA14_72710",449,1955800,1956248
"5830","PA14_72720",462,1956249,1956710
"5831","PA14_72740",588,1956711,1957298
"5832","PA14_72750",292,1957299,1957590
"5833","PA14_72760",262,1957591,1957852
"5834","PA14_72770",181,1957853,1958033
"5835","PA14_72780",288,1958034,1958321
"5836","PA14_72790",194,1958322,1958515
"5837","PA14_72800",567,1958516,1959082
"5838","PA14_72810",188,1959083,1959270
"5839","PA14_72820",241,1959271,1959511
"5840","PA14_72830",94,1959512,1959605
"5841","PA14_72840",252,1959606,1959857
"5842","PA14_72850",492,1959858,1960349
"5843","PA14_72870",450,1960350,1960799
"5844","PA14_72880",260,1960800,1961059
"5845","PA14_72890",246,1961060,1961305
"5846","PA14_72900",70,1961306,1961375
"5847","PA14_72920",133,1961376,1961508
"5848","PA14_72930",326,1961509,1961834
"5849","PA14_72940",585,1961835,1962419
"5850","PA14_72960",435,1962420,1962854
"5851","PA14_72970",343,1962855,1963197
"5852","PA14_72980",356,1963198,1963553
"5853","PA14_72990",122,1963554,1963675
"5854","PA14_73000",213,1963676,1963888
"5855","PA14_73010",400,1963889,1964288
"5856","PA14_73020",134,1964289,1964422
"5857","PA14_73030",138,1964423,1964560
"5858","PA14_73040",397,1964561,1964957
"5859","PA14_73050",298,1964958,1965255
"5860","PA14_73060",186,1965256,1965441
"5861","PA14_73070",445,1965442,1965886
"5862","PA14_73090",414,1965887,1966300
"5863","PA14_73100",132,1966301,1966432
"5864","PA14_73110",674,1966433,1967106
"5865","PA14_73120",319,1967107,1967425
"5866","PA14_73140",394,1967426,1967819
"5867","PA14_73150",207,1967820,1968026
"5868","PA14_73160",401,1968027,1968427
"5869","PA14_73170",611,1968428,1969038
"5870","PA14_73190",257,1969039,1969295
"5871","PA14_73200",169,1969296,1969464
"5872","PA14_73220",454,1969465,1969918
"5873","PA14_73230",141,1969919,1970059
"5874","PA14_73240",458,1970060,1970517
"5875","PA14_73250",286,1970518,1970803
"5876","PA14_73260",514,1970804,1971317
"5877","PA14_73280",178,1971318,1971495
"5878","PA14_73290",156,1971496,1971651
"5879","PA14_73300",85,1971652,1971736
"5880","PA14_73310",289,1971737,1972025
"5881","PA14_73320",126,1972026,1972151
"5882","PA14_73330",290,1972152,1972441
"5883","PA14_73350",263,1972442,1972704
"5884","PA14_73360",214,1972705,1972918
"5885","PA14_73370",630,1972919,1973548
"5886","PA14_73390",127,1973549,1973675
"5887","PA14_73400",455,1973676,1974130
"5888","PA14_73410",578,1974131,1974708
"5889","PA14_73420",135,1974709,1974843
